36.29998234 47.78604532
23.23758927 9.77167275
2.99011559 54.86002097
19.74900708 24.85670071
17.71175470 57.18164567
19.88653734 33.25193322
48.19028767 39.63404420
32.66947901 29.63971246
28.58308135 51.20723244
2.11565417 26.63300774
45.17562317 43.63575053
55.64381675 58.41149430
41.08411381 46.07913095
4.96590491 17.31586280
40.57801102 35.16323130
28.64923868 0.28720816
26.89630748 7.11640378
24.82978700 59.34341263
37.15199760 49.90845493
21.99089921 49.62691245
49.30919770 29.82099672
49.84029639 11.49777549
14.11604648 57.91342016
1.20273781 0.68043166
40.97631001 39.32882851
28.01871574 43.66421787
41.32509364 11.02190613
29.74219098 2.84862601
8.68719432 2.96031903
24.56121826 37.85624547
24.30707167 21.00142812
46.50045323 45.68990980
55.94913237 3.23630791
39.83013482 13.47966394
59.41321151 29.92918720
5.48706558 44.19205703
30.28445935 42.98586780
27.43115408 44.90501137
52.56039774 16.83245282
26.97394500 12.10875265
15.38310299 47.18671873
46.11898942 29.13441577
34.14869036 3.42416659
30.35556662 50.26448581
22.45416904 12.02042323
6.60932165 47.63183124
26.05898159 40.90397225
50.15163911 37.32469984
41.04795571 27.65542290
10.11243511 42.14845764
57.98355572 38.08621607
16.34721738 11.76873016
59.06428814 53.52968378
45.63216478 54.54505127
51.38848003 4.40543651
3.12504784 17.95750118
22.50719715 26.98484803
23.96525257 28.40137651
19.31200642 53.32003395
42.90526213 34.47324489
26.53588829 23.65527954
37.63295787 23.99436908
10.56604249 36.31230416
40.61627992 56.57440551
24.89549084 6.30577549
18.01025908 25.12217032
49.60354130 3.65373644
41.32889081 43.29764513
44.89244040 17.20076685
1.33864994 21.13240441
50.08836249 47.11695463
30.52899741 18.07990207
51.80526068 11.82098632
18.70568423 12.86970276
10.77619519 8.15140465
9.46930411 35.33036215
29.00192770 11.52644570
1.81513094 46.75385535
13.30164562 39.51479326
50.03029901 39.01849979
56.25222229 28.77981962
34.98781381 56.18709501
38.54426607 38.13500939
4.54094574 30.21629817
37.96152710 28.07721950
21.88917471 48.25433328
44.61223513 39.76144128
1.58047084 24.75557282
7.63768578 24.83354458
44.60968928 3.32268191
28.59142162 16.58442224
29.09878069 28.27038390
33.50566409 51.67998708
3.19674473 25.19314416
17.92257877 32.09211073
21.30952793 44.52418978
35.29212029 9.03594800
51.69881753 6.67678272
11.57981981 17.00033594
33.33157207 26.02939106
21.90544668 25.90036038
18.71359820 2.13388663
44.24163362 41.11062777
50.34399772 50.77694416
24.99568284 13.93141440
53.90723471 56.36495808
24.95416887 42.15175687
15.79859108 32.63550820
34.19405525 24.37022610
49.42906974 33.81652780
56.37983622 5.09268466
16.02335561 45.47697075
10.94356403 56.21838117
7.91836819 33.11376757
44.82148222 30.33847436
46.81303339 52.94106746
21.86218594 53.87613253
47.60038508 18.15130487
16.80813756 13.69534210
31.42242338 11.88025260
38.12647387 9.81156425
1.05539442 17.23523324
43.78127252 38.27511034
25.44027988 4.46078752
7.39558946 15.96974275
44.68086215 7.37335044
15.85651337 36.17147211
53.89578669 52.84172946
26.94497067 42.22309174
3.73995781 31.05801486
14.42378493 44.45634928
59.62654048 57.19199951
23.53287955 4.50956357
15.06145769 14.39572420
15.04890456 42.60966805
28.25920232 45.53603138
28.26906747 24.90767480
37.54771938 53.08211928
21.76114132 21.44973193
29.56636408 55.46213015
19.80446890 19.69536006
58.13644734 23.77211718
19.01577038 41.97313966
4.12917961 4.06346619
56.89702746 51.31786579
46.34908375 15.63330108
33.19961031 22.91109217
58.43120461 28.36473608
4.94312500 54.83222342
11.89087941 40.58249499
2.68877125 43.18324812
31.97407074 42.05445573
38.15152698 51.35134510
48.96349538 12.96826194
35.93739837 54.32580441
40.68655628 54.39951670
41.69756063 13.79066250
1.83992019 38.41126692
11.05992154 45.18918797
17.39201857 6.21209944
53.05294643 46.10247967
14.59773154 23.78520002
30.63218297 24.61189544
43.77091410 54.97494821
18.44983627 37.84539282
28.72401112 41.89908041
59.71794005 24.38215012
8.36683205 39.87570294
40.51202578 17.49835441
22.95530419 36.78661767
48.55921659 54.68368951
51.49564114 45.72683681
20.35622423 4.39305390
52.19339906 8.37283867
50.08800094 9.66515564
11.79518335 31.81215833
17.71123039 26.86420011
59.64956282 18.75811337
3.29731669 19.94225419
44.87309014 56.62539987
23.24734114 23.80435063
14.86844632 40.67594532
30.10410712 44.72517497
27.78226624 36.09324072
24.28896837 43.69585749
47.94993406 51.00142068
30.93816175 54.50882267
33.98478495 19.85204249
25.79966256 36.34042218
39.67822858 28.79162064
55.69399080 6.78317094
54.54291082 49.89092846
59.72568151 20.62744058
37.08761047 34.73906010
22.77792158 41.26230800
42.92858153 10.41080663
36.78253875 38.92027808
22.49585978 56.26443982
56.64655085 39.61366200
20.59252695 13.62856735
41.88327494 2.62357389
41.80556667 32.66854838
2.80331249 1.65112173
26.10706778 43.92175971
32.36544434 25.00957961
8.32799073 29.88138255
11.65939923 38.99188300
24.41259970 12.27636659
3.97820851 47.89494744
47.25508082 43.40318126
29.96380956 7.33742384
32.66651297 2.46163386
7.67978765 44.94083736
46.23785904 2.91446770
11.16648051 11.60766189
11.77858682 29.98810961
39.47137724 37.06116880
32.76769971 57.66499379
14.56962139 11.59805332
25.96959530 13.71265204
42.30591748 41.46507858
16.72273644 3.73508833
15.09413719 5.06538111
33.50574522 53.50988342
17.62464584 35.96120421
38.64070581 11.94553050
55.59553690 43.33843486
38.16536077 33.46858252
50.59552248 59.01937873
51.93391094 32.33265007
52.55415656 18.80021492
44.46925095 13.47584495
25.91632576 39.25069067
9.90727742 28.72131753
3.61867100 7.11715463
59.88587999 42.95077190
23.67287030 30.99890232
45.00186277 12.65052306
15.94552823 16.17624264
54.54118175 18.39433456
4.49241379 34.42395216
10.47663789 17.16618034
32.07793883 7.50196106
42.68121557 12.09805623
35.37668879 49.17698431
46.17930539 42.06503845
34.54903196 59.80503166
53.26864984 34.49290975
7.98451426 6.05348801
10.94929972 20.28547927
11.30895757 22.83887726
5.52277769 56.62719007
32.21305312 50.20836393
6.74296870 18.33471959
6.89398726 14.32048660
11.15990153 9.87817888
43.46953357 1.72060845
28.82563125 38.60311898
18.07504372 23.46757774
59.13623900 11.91448794
16.12369849 54.67350040
40.97625224 25.58198911
1.24502136 59.48978274
35.05993664 26.68158236
14.09253708 6.70247019
26.12910298 25.96792385
40.07760163 33.31620649
26.24108806 31.43217074
42.59867824 56.55800267
17.10219329 52.97771812
15.92065670 51.58495809
32.08673972 14.44213643
36.75528233 44.15465990
55.48209056 19.96485198
31.48041837 56.26959350
19.30916972 45.59848045
21.42225567 31.35123511
59.95820758 9.62446769
45.09511345 36.92925395
28.10948274 3.81904898
7.03015114 43.13899709
24.48626936 46.40906352
27.00802696 59.55603721
9.11441895 14.20371512
51.06146488 22.80787934
0.16167992 27.85116917
6.03632018 1.32710948
12.73939751 56.72754258
56.90097605 1.60599318
56.91290066 21.22199296
46.36878394 35.84306777
13.71539822 3.81736805
20.42694477 17.16683877
25.95623696 20.58400217
22.37750433 32.39452923
31.09059826 1.44878353
52.78801273 50.00446413
38.35039924 35.38913166
35.41288504 14.77988248
43.20689454 43.68720988
38.04131345 7.87671978
25.45067142 0.11395744
28.89946189 47.83497367
34.14589257 16.06874700
5.13397078 6.31501218
57.40975898 45.34434561
17.43819188 28.70493042
39.40303674 52.85254123
24.23612709 40.05597961
56.75392028 16.09299674
12.34252066 37.21076273
11.63417332 54.66354118
21.72813864 42.88970924
50.56096832 7.92471322
42.07035412 30.84098107
44.59228946 28.32661126
19.95080609 35.86670713
14.01359279 8.54852730
57.59488702 43.61954142
38.85603373 58.71750209
24.08265723 8.15409412
54.09022869 7.81493093
24.71626384 22.94158501
36.83863993 25.47944442
19.93144008 48.32863170
48.87102456 16.65687495
18.06800890 54.74843329
49.63079071 5.17790377
58.30533944 51.79036492
28.99564565 9.19105203
9.92819311 5.64440050
13.33743400 15.31289103
44.22955519 45.28477665
13.16604792 5.49055266
14.29145705 37.30703900
53.36751866 7.13799740
23.39073973 43.25421361
19.66721603 22.69249573
41.47064192 16.43814238
43.19521090 29.46688224
48.24671112 41.54291758
12.07754366 13.86091822
39.63966004 10.63081852
42.31816909 18.73262347
13.21513241 42.03704324
8.50015772 17.41840906
17.55923839 44.79162729
26.82419923 5.71685640
0.14964892 22.49435866
9.51727883 6.78022466
20.52820567 57.80142558
21.57303737 5.97795295
20.15167903 7.64114093
41.90721162 0.80012595
22.40514084 30.63846122
17.34345214 0.24047973
59.82542149 16.08249308
43.44265346 46.77796263
3.57529532 49.23448548
40.38390301 41.56718351
42.48859804 28.77845686
54.52314229 4.55726742
53.26879806 3.37815612
29.47678960 5.24468537
39.24264490 30.60560105
55.82363709 26.30190391
58.93830167 26.59399733
12.71394057 44.28449377
44.51146041 35.39005629
35.85821325 42.97857728
39.43207153 27.12371610
1.55540130 19.13844927
8.91302200 7.74007170
53.06364049 39.58484448
7.15257502 41.33097874
33.39239858 9.44955179
41.10047740 9.36536606
14.51746653 30.53226064
45.14207693 0.77913206
32.14091081 4.20207924
26.49656210 10.31023642
37.51845885 29.98639549
36.18795107 31.40154690
17.85507200 41.37011110
2.22890109 6.10519696
38.59736392 25.45686910
31.58541962 22.07734274
5.49457208 42.23149745
2.89210269 59.71183793
32.36865684 20.40460698
43.75893294 32.68689525
30.33395560 30.79819952
4.39061389 15.49267555
22.37469922 51.59640691
25.22489730 57.40513869
42.84362346 39.63718464
58.47250309 21.81063247
17.68429305 30.34970546
33.03855808 48.46932849
9.56053828 44.05380818
58.15857834 20.07005584
34.55419756 11.80949021
32.97330345 5.85664005
5.27006005 19.55111893
12.94555564 30.20523075
51.97969095 54.31816605
50.18691538 40.98881618
9.28451269 57.60235599
52.92054540 5.49936190
13.31338499 1.48649847
7.49635288 58.52937304
34.76890975 5.69004166
36.02557510 28.13182514
34.20190180 7.37907373
22.07926973 8.09769981
0.06122585 39.29454138
32.16738008 0.86219708
12.41688479 53.15181536
30.84221507 52.87796409
24.86847331 2.01230571
17.65325316 17.31288819
13.25241412 59.57611887
12.28409250 18.85822829
11.53135937 4.49836028
19.88782837 9.83777661
43.48632989 20.07002927
13.45015307 45.87833489
49.90711063 59.89090955
32.48867758 55.13141727
44.28050763 53.15966116
9.30828390 46.00880858
12.91699950 11.96171754
15.91268567 57.82805914
35.01135607 47.31784948
0.30752385 26.16004165
42.96604183 36.49748179
16.23206564 39.14858929
16.23175581 25.65091114
0.49900844 41.18696545
25.48086486 8.60066853
6.26576170 29.03022086
27.65831773 12.97333329
54.26668470 27.47717047
22.47675010 35.15201631
21.06421606 46.46663217
50.23630425 55.17215544
26.36185624 28.08860847
59.97779343 55.24143590
37.89500080 31.56064044
40.85791204 31.09354291
54.70787467 32.57048309
2.26452542 32.20849842
6.15468736 45.99517073
28.22883926 33.53865145
31.28128618 5.90644993
50.46508458 53.22496433
5.38969730 18.59813297
54.27757889 6.88171277
57.46841546 35.67668723
41.60918918 31.69576557
22.65649980 47.67784968
31.87019975 54.38123593
20.00340055 54.01559645
32.95433439 19.64673718
4.70529444 31.17562791
5.86218525 17.71604078
24.98337165 20.30295514
44.89932649 41.78914799
12.30846406 59.87455256
39.31390095 29.66843790
4.63942328 11.90129611
21.99802374 37.03044138
10.61186028 1.77180402
51.38017584 53.56039707
56.73469104 26.01335137
10.68111276 10.74646262
40.05200972 39.04053196
37.00355997 31.91149082
32.69535443 56.04906125
25.17184560 44.10043412
44.82413217 53.98336931
51.50471485 7.65660393
12.47227543 54.10763005
10.86149127 38.43437689
13.08110879 0.54353612
11.55408422 52.70909364
34.68778771 25.77955335
41.53287191 1.72053790
7.73325748 19.14767953
4.40504585 49.77962600
25.45952188 5.48251477
10.30097107 7.30136146
44.43273739 37.59131151
39.54328989 51.89474419
34.13596644 23.36976353
12.50332954 14.75273947
2.76587856 0.68772891
2.95316418 26.12908623
56.92576538 46.17238107
50.95823366 5.30011762
18.07049897 1.41036314
20.40221382 44.94970622
25.35173383 37.22850498
18.89703703 25.54121980
32.81954616 30.57870965
42.12278709 53.57340147
15.19270326 29.84853391
6.10675724 57.40975361
29.39180930 31.06546266
58.36431450 50.85502763
23.41795643 39.50547281
55.21997650 3.86917369
56.15736123 27.26429682
3.97040987 54.64653640
15.89007007 13.34170434
21.47041969 57.82762860
14.32404197 45.43844626
14.28064841 15.00484226
44.78836025 47.07502155
50.62337999 10.90606773
43.22458444 19.09583208
13.90832721 56.96574810
24.34491766 44.65692901
59.06951863 34.36590853
29.47017934 50.70018687
39.22369612 14.59893622
41.63425041 56.45719116
57.64759700 27.81421486
26.20399368 6.44619203
47.98443223 55.45508787
16.41117916 58.65484692
12.29372765 42.31181340
15.88518211 3.21068412
33.31641579 23.89587945
14.18027412 38.27858623
29.66570884 18.56405980
3.18873486 6.20787782
1.98359721 17.47924384
25.62752593 30.67142479
44.07693754 12.56413554
19.18070585 33.93317838
30.51167450 56.32241008
1.91056813 1.30243086
39.44940379 41.86413267
37.73232075 44.20271086
18.72878132 3.08177208
5.07283848 14.81680414
27.51717234 6.38380114
35.43109537 48.18823383
50.66588878 3.27133648
2.42858286 19.54780777
56.18580388 2.26426079
41.56084170 40.16646068
44.34300953 6.47125030
30.28701735 8.24232800
24.27044687 57.15961256
38.51252231 53.22517238
45.57053663 30.97804051
31.87694152 5.14868513
49.38437139 50.79945258
47.98729979 42.76667153
3.68371852 0.25988324
51.09906433 44.83133721
47.28077185 39.30925387
2.86538701 17.01917961
28.65573398 55.72379255
9.03790906 29.17470543
42.56905607 17.80982933
40.70432797 8.49392593
49.20871500 0.55910822
18.20936009 11.39912473
25.31767551 2.88372476
18.15180623 55.71898308
50.95981138 32.27722049
41.93463386 10.24553734
39.14259972 2.71148680
42.65674605 40.56948240
15.39493012 39.85806918
35.69495291 32.22184169
45.55017877 28.34290717
16.04570064 14.30869271
57.87223627 19.16979840
27.21579693 28.55897062
40.19720044 42.52758320
44.68890554 52.27991593
42.90779591 9.47408065
2.64022127 7.01215125
34.46239255 48.89107460
26.35044435 24.61575645
35.05663435 9.95603773
42.78356975 32.67794156
1.35513257 40.71688354
37.99813751 50.37059152
30.48126568 12.92522805
57.72260335 2.16137985
24.25293506 5.56614423
4.97904561 43.37739607
10.84478816 55.22832533
46.03206776 36.73617716
56.66229581 6.97898329
23.19273114 35.84211976
24.14603533 38.73696746
10.43340684 44.45869858
45.28375770 35.98828085
42.87879531 0.67084506
41.70920484 11.93131392
32.59659929 58.61110236
24.87349412 58.36153221
54.83593797 20.69960118
22.25374291 36.08257826
0.65861946 20.42127426
21.31963462 25.13271822
40.92369877 5.46757195
49.17647481 49.77869813
55.38726529 5.86132869
18.20182009 31.16689290
45.45763763 7.94705467
43.17362316 55.76532945
54.77398263 19.33317560
29.78467764 48.26648294
38.93603218 7.55865987
40.53004678 43.83544003
43.72708589 7.41546483
57.52214958 21.95951377
13.52962421 44.86946459
55.44285192 4.86314690
11.71764914 55.65862618
27.23067740 3.42982564
17.58673020 24.27945645
17.27322491 40.58328873
44.19843213 43.73253835
31.19118137 50.88021462
46.59451663 28.31176626
56.86380294 2.97872956
10.78070563 3.86570716
52.09719081 21.57293157
47.05441815 51.98778914
19.03287395 23.62992773
10.48358348 19.44210217
41.01238601 3.02657773
7.01053899 25.57066952
20.10765837 46.19674191
26.30680397 35.10108431
23.46327983 24.77685802
3.04152584 53.91709754
7.43896232 44.01344651
45.73079775 35.12483371
54.82059307 8.45309668
16.78843940 35.46334557
6.05222941 20.14253213
47.00502788 29.49909134
34.88836848 6.67890479
58.85442238 25.64945979
14.90475806 41.64807690
31.75810716 3.32434483
32.16662812 41.11805139
45.72025670 30.00052187
0.11711935 28.81235782
23.35485219 40.49597911
42.47232919 46.79126263
53.20084466 41.42605397
50.38498323 51.75214419
57.21504388 20.28853441
34.46041091 46.54021381
26.79323896 22.74212828
46.84517224 35.00196715
12.32892816 39.70511778
54.16877730 17.49413291
59.10538944 23.61655760
40.22881721 37.62062381
34.87523525 0.72834010
48.96354888 11.97928725
19.67100272 58.23499838
49.53528081 53.11122343
15.05013561 36.71591494
26.85662479 20.27312708
3.65457104 55.58447827
0.43890034 42.14800850
51.17167849 50.32387426
11.16448655 21.86197818
21.55236225 26.80089284
18.66429837 30.27775296
11.45785225 8.83976377
57.86369733 21.03050108
59.90157356 19.69987704
21.12948115 7.79415855
40.69339154 10.26419606
6.04976327 41.42618297
51.13538925 52.52842099
7.70451997 18.02011332
33.85618164 22.19659518
0.10037869 23.46889559
11.35999249 35.58128884
9.71017914 4.68366921
5.91222007 46.93325275
43.32933086 21.01722577
28.22692423 10.89388834
1.40163683 47.61772964
3.13094045 31.80391774
13.34551655 55.97768166
9.78039531 8.13351008
49.67335406 39.95812140
11.83781297 17.98831618
41.33490422 41.37320288
2.63577093 5.24480707
41.27809220 47.05739694
16.77137826 36.45392748
19.14569050 21.86444434
24.37019510 14.62774934
22.46557640 43.48536476
41.32597607 26.71246562
22.59598439 4.26241407
36.18937448 49.73368781
22.81329114 31.51283445
43.16493621 12.94861906
36.44624941 35.42506703
32.39045021 25.98514174
12.59886634 21.47273239
17.51751081 25.93496417
10.84549691 39.47954757
11.20430784 16.11293847
43.39547026 33.60269301
32.26095575 49.04816770
0.69341301 24.34446725
37.30524275 48.94339979
42.85612962 2.49190351
16.72628423 32.36074488
4.55818706 42.32189251
44.58162280 31.28303471
20.51074730 8.56279555
1.37953318 32.57041046
30.44802818 5.38007368
40.04849036 27.87830331
26.49229082 44.79360193
21.84933988 7.11479217
50.78318656 25.30650479
2.07288701 37.45651783
0.48013709 0.06398857
36.66814414 53.48656611
14.60384059 13.54636626
15.48885928 23.43052908
41.48798385 44.26528905
17.32647446 56.30069203
29.45500554 6.52196144
51.10231118 37.24679996
57.99068923 3.59836989
25.11026960 55.43754773
37.08748736 26.70001027
37.64015641 24.93988372
58.23774940 45.84767023
21.90394927 52.86038412
4.48985723 16.44948315
56.35751041 6.04968879
29.13331902 10.48901647
51.97341774 5.74901798
18.32447903 45.42675535
17.01171584 25.09412244
49.20663288 55.42304566
36.08697728 8.52934710
2.95283417 27.11969101
47.84197509 58.18480406
15.41307229 11.11597053
21.62016350 47.29389491
46.34466454 43.04151861
20.40442026 25.57314257
33.04565519 47.20683550
11.46656874 36.73543779
20.01655098 57.00290603
4.80499405 53.88482324
23.52015783 29.26364762
22.22177362 50.54663554
17.75007007 13.86856173
8.31694139 56.05319938
2.32441837 55.53427810
59.24252497 58.07996250
15.18758405 58.44139329
51.97430641 17.75982973
51.30788696 55.04132294
37.79494346 23.06504346
0.25665907 17.98812645
25.49868173 40.14757045
4.54285750 56.62665876
23.29416064 34.65361957
6.19837151 19.15584163
21.56996796 56.47471084
38.93004550 50.79363510
40.37724222 11.23601305
16.70322489 15.59695122
25.26395869 1.08110903
21.47869316 51.19936976
21.26356278 48.98308183
44.03773179 49.73748123
5.85044121 55.23441266
7.58494238 23.86660283
42.24250708 29.68637103
16.85284613 57.61026402
42.58817807 31.64399120
2.53684747 47.42445409
22.31525354 33.36328139
6.47350669 42.31439744
8.43343037 45.57976435
34.80470043 12.76437295
30.36706913 35.27637295
9.14327967 42.05519815
57.55332605 28.79791195
22.61744624 8.94036151
52.23078104 31.40650257
27.37838984 24.16767611
30.85313234 22.67554720
18.63591502 17.37374671
40.06138399 24.24224591
53.14690309 8.07065407
12.13534153 9.90153762
45.26111456 53.10395440
12.96557956 26.95669786
11.50491572 19.46528780
47.11988982 17.30496008
30.56845765 45.56059110
56.68645804 43.28701174
33.33023631 20.55632715
55.33646717 31.81369005
57.14293853 13.29730873
57.04892632 44.44571010
57.19695546 23.94347917
38.37155312 21.40191398
42.28197997 33.53684770
20.55099652 58.77822954
42.92467011 38.68680091
22.73452621 57.20709432
23.14273970 42.32782481
59.79895951 25.34337229
51.25123697 8.61099919
44.25943592 55.83591120
27.34220875 45.83096167
54.36196213 31.64981693
38.81989190 31.46177055
10.12782270 20.75819977
37.58700498 52.13110286
20.02388109 23.59820951
39.09052001 26.24654013
50.78346542 6.97994794
53.77979095 40.25841575
32.86816396 1.51777148
12.18814424 30.86743588
5.12599855 20.50834805
39.91109491 18.41814508
43.58647427 31.74358953
0.43948209 58.97079464
7.06239866 59.43771159
24.88420764 28.09650097
6.44028364 43.97007316
45.45728946 6.79852259
57.54985129 52.36780241
41.67962546 59.86933893
25.32809268 38.46246537
5.71753231 45.13801130
35.55040072 28.95367201
11.77726105 56.73576240
13.90279935 24.43340661
44.74573750 54.96354301
28.10619122 54.59609760
11.78367203 44.55422036
6.85141228 46.69014551
43.05321306 57.40738769
4.44265677 18.13457079
4.30321902 19.37208795
47.39081523 19.10001712
15.19145177 48.13497345
47.18275535 2.88201443
0.93110154 55.31900435
17.52489091 43.82991622
28.20594776 27.87483411
10.00098937 46.68315059
33.44997582 55.02916995
11.65421486 10.76612141
37.72181568 25.91203660
33.64764401 11.48866179
12.75621418 31.73696054
12.87922784 2.34607023
5.47797141 29.94811902
30.57993485 51.69266200
14.25001890 9.45916547
6.71550375 24.54736411
45.41955380 42.69871223
45.84733393 12.24197171
18.85487286 54.16751554
20.96956004 53.55670638
0.14116591 10.99209405
11.77669711 38.00441335
24.93108654 39.36420577
0.47136297 43.73795379
42.53302560 14.28707904
8.54660459 6.84342008
24.39172335 21.99715388
4.06091530 14.57312172
1.09436029 28.07132656
19.42215805 1.50374559
15.45525751 26.19545050
13.79560494 2.87201537
44.24232378 46.23851482
29.68501041 24.80369125
28.35676630 52.15070440
54.17570501 34.06457242
8.59049230 44.57326360
6.50267621 58.61676398
24.47712110 4.24544992
32.96188882 0.33292830
11.84664031 20.60166187
28.30871138 44.56915564
2.27778675 49.94753551
11.19732812 41.23895850
12.27535007 22.65390943
24.24396856 7.09154679
10.43267845 12.20574287
33.02913229 49.65757213
55.23727633 17.70055293
55.85912934 15.71138086
33.65157654 29.46207325
30.52890601 19.06486071
16.99442586 45.57134974
40.57512922 40.24550294
23.24384011 32.78130032
4.00765031 35.28034065
2.23575153 25.46678396
45.58796335 32.27590367
58.86587409 16.16261734
36.25719901 38.10009712
6.46734469 48.58590003
4.68322117 47.18978196
43.71153056 3.65215741
36.45806724 46.85060642
49.01716222 13.91012393
13.40096370 14.34719316
56.29691195 59.16126641
28.00024790 59.55135691
18.83483832 38.74634508
50.27928223 0.84113434
35.12218136 24.10168083
26.51843397 37.10931907
13.39395566 58.59190751
9.96950626 56.21266235
50.64503582 39.76747979
8.54735506 24.54285598
42.30716622 11.16569009
32.93326543 42.07374888
34.32296340 9.16890743
10.49027394 57.06645874
8.85829887 46.86089981
49.22443209 46.64921082
17.06967159 29.60402592
14.42211461 47.18744278
1.59908325 20.12640607
52.94057975 17.89269466
11.97343271 12.13683845
42.26742428 43.53545850
43.88307679 34.64098148
41.12848056 12.99491982
52.43994925 7.41170468
40.10385566 36.01998293
15.83038217 17.13695461
35.09533312 53.80890754
17.38962835 52.04539495
0.34155507 40.21666022
30.31514030 0.91470683
55.05487992 28.02612745
25.32345389 25.42037588
24.28953526 13.24113258
8.76090694 30.71698264
59.06821982 39.25669306
12.45872215 58.89091195
59.62187599 38.42961205
9.47169302 45.03269097
58.54081147 43.42668721
28.90973576 21.55177604
51.96956726 16.05686632
27.91997598 12.03891761
46.37966268 23.17368362
22.23496619 29.70618551
3.52140760 50.21681487
0.79174514 16.30498634
39.21787091 34.98347977
1.07778764 35.69736541
50.87435821 59.96016179
12.43260350 52.18808954
27.78100016 42.72619125
43.27281820 11.33193797
9.88586609 29.67738647
20.18261004 47.38955742
56.61877500 58.21190499
56.02314908 44.17757710
14.19663187 7.63245920
37.23002997 50.98935504
35.71264787 5.64371656
43.59135680 52.49833085
54.21211299 3.62841121
15.15672270 50.95634901
18.65292831 26.75605711
1.29487231 5.91533817
5.73718074 54.24251455
50.04740153 8.72713227
13.04911327 8.60025347
37.50833000 10.56554155
38.69583014 10.58859957
33.02148227 6.83557848
24.56792375 0.35984361
8.83787529 18.33999522
43.93628258 56.79870639
27.39174566 7.92039115
5.66561988 47.90183863
41.31467499 30.26454947
26.17122896 7.79115525
49.20343173 37.14871273
46.26544521 46.64329993
26.77560248 27.18406685
18.81117625 32.52862156
22.17312967 20.55540756
33.62469425 18.92386215
0.10486259 17.00867274
1.71445038 23.80112488
47.14843544 53.84731541
25.53281705 23.53631052
58.74895761 24.53194811
34.77121049 8.18353026
48.44970161 18.60192021
32.92888610 28.71624605
22.43207456 54.63926372
0.48242771 15.35696704
49.97745451 36.38197875
9.75169849 43.09925271
44.40455307 8.29730315
48.16904309 6.96423771
55.72517284 39.83663339
53.86655759 46.63348867
18.21639729 16.46827841
12.53366420 35.84454576
25.59455455 22.54517540
31.56374567 12.86066281
34.36864766 4.35870340
40.37015314 26.95069086
23.46073360 44.18308458
7.81358570 14.75716777
1.34682144 58.53406206
58.21195953 22.78931710
32.74853682 3.41914101
2.69232408 46.36763946
46.56377655 1.98681029
0.59856485 18.99194052
22.88118668 11.14801808
49.70673368 10.52548601
17.16556311 38.64244850
41.17121896 42.35128647
22.20051194 42.03259715
29.52506377 3.80684988
32.83545808 4.88580974
42.35210404 35.73530097
51.41852807 16.92802146
53.64501452 57.31921337
24.24685017 23.80682096
48.25994367 17.41995794
11.09200583 30.73190351
2.28506282 44.05321484
56.20625458 20.57408652
48.08798287 12.53441037
5.05628845 57.46991785
35.19552817 27.63717558
14.77629781 43.54662123
36.43770699 39.80375931
37.47288189 54.05331405
39.55787210 17.48823535
27.61448232 16.49450950
14.99018735 16.14993122
26.02848658 59.35562234
44.60901350 38.79502604
22.68658352 37.72273898
0.93899845 9.68123468
22.52472358 24.43915575
40.70274511 32.06214057
45.56264106 1.64071958
15.25546162 24.55289437
40.02237896 25.73358987
28.42573101 35.18368339
33.99769375 37.49300553
44.49951095 0.06624975
10.73110490 5.07078299
34.46585866 51.80149758
59.15138377 28.99453876
59.18004105 22.49832289
18.67051415 22.72146193
7.30558303 13.45810555
7.45085906 48.08565818
42.10398667 3.56503785
21.12310157 5.08857325
3.73412046 1.86209078
15.13889536 31.95042894
52.64865571 6.45426901
32.60142597 8.28468180
44.71265786 4.27577479
13.06240795 4.51741808
42.27312459 42.42987389
26.91426659 41.27241870
2.14126479 59.12980179
19.17522759 12.01746694
52.03995698 22.70699331
16.48840736 28.50327235
36.98939940 28.11508134
47.47076234 44.33044128
50.93267799 21.83173443
25.22374077 7.22807092
8.64059028 4.09471491
4.17316539 6.28805080
28.04937668 13.85684632
33.59728496 2.63605680
11.32577942 32.64756456
43.83428218 54.00661793
1.65018852 6.88573080
19.78842374 49.26860258
49.02979065 15.70741375
16.48145551 10.81121574
20.65621154 22.66085355
56.72284639 10.53703838
50.60707793 46.16945262
48.39076269 53.75316991
52.47953170 40.37627735
18.25210961 40.46891138
54.06986676 35.06887627
57.42769056 50.49842700
19.47802290 18.77362511
19.52027641 38.02202709
35.78779517 38.98331481
26.35149872 12.82740558
51.27721519 12.64254514
20.45462988 18.97537206
29.37399291 56.43590125
23.79435974 41.48529139
11.76235465 3.55034261
1.27937229 26.17878740
13.84581332 12.25959424
38.60677389 52.23479657
19.14377743 37.10513215
12.60529463 13.01789157
28.67694789 29.15792407
12.51951576 55.08898629
25.68105654 14.59807079
55.98809102 7.71792711
40.81549652 18.86880734
45.29604369 2.63966513
46.06762529 44.04133942
53.82550408 19.64236237
28.16550046 1.15729403
27.78623259 41.72868942
10.96881237 29.47680398
44.13289720 29.18892236
18.04838284 29.42897237
35.49257656 12.03074337
39.91745901 31.31489945
0.07302928 12.19627338
36.81824365 43.17400266
33.82043779 50.77293581
10.05898602 58.19581886
23.35958138 3.53167133
7.79243026 3.37319282
30.48813662 3.54617303
13.16787937 36.69336613
24.67424318 11.34734712
12.59921644 15.95418968
0.76056499 27.02858285
25.26703736 47.00176025
42.91326706 30.38672597
9.51772921 17.40175705
37.15096748 7.55964436
16.84123786 16.75094438
0.37614484 21.35290730
15.25891549 44.92160676
33.87120689 52.59777555
20.51483166 43.95498706
58.05998627 26.90860580
30.72661021 43.86992051
13.00972551 46.71818963
57.61271850 39.66577364
7.45954265 42.25740025
16.17322596 47.72716065
2.27921356 20.85938095
0.31529042 30.18390627
0.46817960 1.27825607
54.76273246 42.89243760
0.02656042 54.25880001
33.93618120 6.42915012
32.85174597 54.23173116
35.82649815 52.94801539
15.39283831 30.94017849
59.79421925 26.96700541
59.18385500 27.73757633
45.81001801 0.09611513
13.16693466 6.43903345
34.09776884 26.58156377
40.13290874 34.27964294
41.60091374 28.44840492
15.54360081 38.45339328
58.79588565 20.79169565
38.86515698 13.53344921
2.06889035 27.59406893
41.94505570 39.25213827
39.91590482 53.70162876
19.21066313 7.46898507
22.52520809 6.05566389
53.26308938 53.61625437
52.29874841 4.76219915
41.99835318 45.77764964
30.51257668 55.34194776
39.87523836 9.68645338
33.84033325 5.44016996
47.30268091 36.03377869
42.82034267 54.76401642
41.89426260 36.60491604
31.40752507 15.15586676
26.32537097 4.88280041
38.07094800 59.31576613
14.10453203 42.40239657
50.57967580 38.21235417
31.52104644 55.30429726
28.15419767 36.98464075
29.15511962 1.12417207
16.36754410 46.37797153
31.27820530 49.90609236
56.89532061 40.56774010
3.61207946 59.10097425
29.15975379 45.10522886
48.77504841 51.56836997
8.11337120 10.19341291
21.20924108 42.06143984
58.89293630 30.73536354
23.64903391 37.48476448
43.48221214 37.33829160
25.14323213 41.20755570
21.48397162 35.44960567
53.58565891 18.63978138
38.14421111 8.84818175
55.01416735 7.49221265
17.97986543 36.88339606
32.65439151 21.95897851
33.49119938 57.01334106
2.31914371 18.51837866
40.35663245 52.68332479
44.57852897 33.16518810
2.35676084 42.27270298
43.40563573 28.51782217
53.52483133 4.32693806
44.32142677 36.32970842
5.04717061 55.78210558
44.07208765 2.49577519
39.11878949 33.48261270
13.63973026 11.30432827
31.32180106 6.90132925
37.24266656 9.41413669
59.20775339 55.82492356
58.94608118 19.48701984
36.01598236 26.63415940
22.72570003 53.41310754
37.69476712 29.02319236
19.58111047 8.91975896
43.38063105 45.78695184
17.57153546 27.77748016
35.62682729 42.04206986
50.74914703 41.76849661
3.28845512 18.91593406
41.93917911 34.55985052
26.93622692 13.61829072
39.69853176 40.88240313
50.54729538 56.07393416
20.83852767 9.83668823
8.59812053 34.99891634
30.43839484 11.74297277
40.71588523 55.46699546
1.96713379 0.10715153
59.15065154 54.68798624
8.15185752 25.64559571
52.61660140 9.23242255
44.85939374 44.55463851
35.02616953 15.68659303
10.72480188 42.87646644
41.55830454 14.75363808
18.80095175 24.57463094
40.23169904 14.75859117
4.84624025 5.39191765
23.44198326 12.07678482
32.14738371 6.35533899
17.58159979 59.29546233
4.73923671 44.81639529
3.43197605 15.35796987
28.76543492 48.81642985
35.27298814 31.10409780
15.52601443 15.26515736
33.49533092 25.05819172
49.01123547 34.69524990
37.93436665 32.52764519
25.86171395 1.97142584
55.01481096 26.84284672
38.24939425 30.63280993
26.93325988 9.44581332
18.57946825 35.85167805
37.43778506 35.64216680
36.76395023 29.37798245
40.28564225 46.60172669
29.48668689 37.88707929
41.65382478 19.42836203
13.64204843 30.90026321
39.51976791 32.53474552
13.67903581 16.21172723
39.80103797 54.82022727
6.71261723 45.17691242
14.30416600 58.88984900
59.21709723 47.83245481
31.12643045 41.58635512
16.03586236 5.17873705
33.26844802 16.44669842
30.44931392 6.45185293
37.18051784 30.91103037
35.90281298 25.57449206
26.99202576 11.13865680
48.84116515 10.99326053
23.35429166 20.94747484
23.53882722 58.64545121
4.14473968 20.35706098
32.89721558 52.42380959
9.01534027 5.97051339
3.80652254 24.45261563
7.55113598 39.32591644
20.92666385 0.54108995
24.18457276 42.73995674
49.20290915 41.73960207
43.89114110 10.50563722
5.93749207 43.12645687
26.47565631 38.47748806
15.42402555 12.10402513
27.42693907 35.19313742
26.96452822 58.60907785
32.42361214 53.32705672
15.10944283 33.30955824
18.46298822 44.45059496
43.88867877 30.14312145
19.24125091 20.48186982
56.61262463 29.68259479
58.91246217 18.15708185
26.79441763 36.16744890
44.92949762 11.66138087
28.73432397 43.01666304
19.95462591 52.60311896
32.81249319 50.98315493
55.39467924 50.40392956
16.06282380 56.87409131
53.58119109 6.20980776
1.99753673 21.83800006
51.06676244 9.72719407
10.23283514 45.67915420
25.25484749 13.02089336
13.37282124 37.64831784
16.58265981 44.68043279
16.65036500 12.71797324
12.67359030 41.21791691
37.93743192 58.32606147
6.39888234 32.02611767
15.19497265 35.46683673
9.89357199 27.77544154
7.41220036 45.86979525
49.82718815 7.30748790
18.93247857 9.87100189
43.28387082 41.33226317
42.50440901 37.37684102
25.90499331 41.86718456
43.30311840 47.72143478
19.02131584 55.23621675
37.61281188 38.43556263
43.56271557 42.79139948
27.10234751 44.00133206
1.54211651 31.54551580
45.72311907 41.22949064
43.28637223 35.42807659
3.15030282 3.98836514
45.40843826 40.25046421
7.94776617 32.12380320
55.91203148 42.42454129
2.52165283 24.51082268
52.94409943 56.61514328
51.31262802 35.34552032
52.75821353 54.86294027
8.02688810 28.95993930
32.18896674 42.99801631
9.53827398 15.09081635
58.01401031 44.56259454
59.41005184 21.55200195
29.56066070 42.35965927
27.50420420 0.39321183
36.30979499 30.44038448
1.64520032 45.80110670
38.52737229 37.14947962
28.07031142 46.49751175
12.83159007 43.32184043
52.02049826 19.60075071
33.64416834 8.16569083
38.68507063 28.89967298
31.57200811 19.87617242
17.82617151 33.03851750
44.86502533 34.50019468
31.59362093 24.40302192
29.85060225 52.97172372
23.73632626 22.97350447
48.08067372 40.58489976
49.05262218 39.17657384
43.56969281 44.57725233
8.71376120 43.58687050
59.99774452 53.19281751
34.69912403 19.21629820
46.41848839 55.08464104
13.36560551 53.10470429
42.56215127 19.81446783
54.54603325 53.52253022
42.16881287 12.93383041
18.60765802 57.47861339
48.08022715 38.66837425
29.37176547 51.75484364
37.58759657 37.42815422
45.55551171 3.59648927
4.05372930 25.63085082
56.10407091 21.73024880
13.22717310 18.64226564
32.21678179 22.83374778
32.43958504 9.50365507
56.30602826 4.12890641
16.32658039 33.42649668
31.15409130 42.58358527
10.52432464 9.12692763
0.87450228 46.54882108
38.98770348 36.12394067
44.35821857 20.47862854
37.25918033 47.75285816
15.98606005 42.75976630
31.83654320 2.01757995
5.47731375 16.49265206
30.49782852 2.21929618
45.75886658 56.96860127
24.56648737 31.39324100
25.86349686 19.61548763
20.09931753 10.76677110
52.93030736 52.67836686
0.79635321 25.32804063
39.07409892 28.01402967
24.42984150 36.87772887
58.87331659 52.56245713
20.61585076 20.21926823
49.60934132 38.14428305
3.87460187 17.32764759
14.99346364 51.93550521
3.73205257 46.94082354
48.66678471 5.17843381
59.00591351 32.14990178
33.90023059 48.00559595
0.09695575 56.24164675
0.86229478 4.75547051
31.76153824 21.14060073
10.84997102 28.48557880
20.78213393 42.99295891
57.33093609 5.12120434
38.68350131 23.55056631
25.24807768 21.24509042
9.89079357 41.21303912
25.08692972 43.12138167
50.66363663 54.27825442
13.16516908 57.60585914
56.53882673 48.68893622
35.50209488 4.19497712
7.40134392 5.30594195
31.16156518 57.20161836
45.12196616 29.22137234
43.74648953 39.27235273
40.72269656 13.88645293
53.44092024 49.27197371
45.45981516 45.60641409
26.48661516 40.02783207
52.37311973 3.76677034
8.08761473 8.20165665
1.02445272 22.08171478
14.00345256 4.99673328
38.50772372 24.50937380
20.13227009 21.82409501
8.81642732 32.69694889
58.46621978 29.70388761
1.72439570 43.05806375
12.55790893 38.63922622
20.22277672 3.42608822
31.30757252 0.51021226
53.87640886 8.75142669
55.01853225 45.58740463
3.49471958 43.70218048
53.18382555 2.42663291
44.30898896 1.25807327
15.38773111 46.22220576
57.75431354 1.15908242
26.02653300 11.88797828
26.44651571 43.03534707
25.90625798 9.50297395
16.76674070 26.56399417
2.81069781 2.60330252
33.64877163 58.06796463
17.38348011 22.81828634
28.99657916 46.15702596
21.67492976 12.57969721
1.27985237 18.19552778
22.61584707 48.89538480
57.16919365 38.77610332
54.49933704 50.87668154
55.48978074 18.66915176
20.92983962 48.05537229
49.62875741 2.68110015
26.37825758 0.28873884
5.65970160 7.11781439
10.40404365 35.34768206
40.63702127 28.66784083
53.68129211 51.90870554
11.58426743 53.70501837
49.80750163 12.46261167
17.30127790 11.96814865
28.75877224 36.14583859
59.48026189 15.18308113
27.54799713 5.08129085
23.91231039 59.64813552
38.03162563 34.45659672
7.36415865 29.72395949
6.68644802 15.27964160
18.87617833 46.47853582
45.52176064 37.77888308
43.78187968 40.26380693
6.04900922 6.03506709
7.46314015 40.40813181
21.41893049 32.33126820
41.40464080 17.86378114
17.24045674 31.37592196
55.23853068 2.59759606
27.24686809 33.51784030
47.08251116 42.39476843
46.15886455 53.71059155
8.48847525 52.21316583
6.97009927 17.36661800
20.60618035 6.02460551
48.02401465 13.52443470
45.15944618 14.15749688
40.95739700 0.91597810
53.82526569 26.62011313
28.60677277 12.73535601
41.92428665 25.68377088
45.34978524 55.76294313
18.84087235 19.54467632
40.19731256 30.37722299
12.64879039 45.27725700
50.19871163 30.23772553
48.00176023 52.17993314
13.95970552 40.26532703
28.77123181 4.54753147
4.59626897 7.16254063
53.38724768 27.85761903
37.28262693 33.81321201
11.63134453 45.94514114
41.03129453 33.24754474
3.53080138 8.06915844
44.11899153 27.50466061
1.11879060 37.74837918
44.18253597 19.40849996
35.14012303 50.09404653
21.76984995 34.49783319
13.62779578 43.89978494
49.53502488 54.49512520
42.37419678 27.81763020
29.74475695 43.81309944
22.36303810 10.21889835
36.24139219 48.74455357
12.67209397 19.74237526
3.35528503 42.47973505
27.89507430 50.55519254
12.24908522 5.14724216
14.62202802 4.20746207
23.09566730 8.00249596
31.31064941 25.33803604
35.06688833 3.10472876
23.34334401 55.85920222
32.06774812 37.24565974
47.93914796 16.09973891
14.99203290 57.48028719
30.39654607 53.76911220
38.46204629 27.24681578
50.40112838 4.24495540
46.10586789 52.27857328
42.50343020 1.57440342
46.64110209 18.26298938
6.46791932 56.46465685
14.51811766 5.85114078
32.13407317 56.95977251
53.86152674 5.25968065
