42.18914456 35.28816254
20.12708778 6.12477907
15.44298660 47.26276200
22.96185411 20.92334517
22.67900715 51.24905876
12.30212580 35.26122781
49.45149684 43.69710859
20.66103121 23.86003252
24.85547469 47.55536824
0.24481882 27.20245332
47.59644847 37.60187623
4.08319360 15.35248311
32.46042116 50.85459057
4.93781875 13.86859962
41.11373651 33.69617024
28.77260092 0.81133964
27.93704161 2.68975184
22.56815213 59.65002207
38.57650222 52.10498343
24.80478138 59.38098005
44.08917545 27.69204361
47.61419095 14.03704429
13.05217906 59.81769932
58.65975936 1.24585534
40.38086145 40.96305792
41.01011719 49.62545308
42.47370526 10.34797978
25.43546820 2.16559437
57.34405066 7.20411355
26.54076572 39.11310807
18.85224633 17.18511116
48.42372884 50.42730578
56.17582529 3.92508681
35.95162423 17.81366638
0.86829496 32.93382965
3.28629986 44.27808063
26.81815519 34.69457258
33.93368900 49.78064832
56.59589023 11.26166512
31.29224634 6.69768132
17.50040542 44.70292047
40.59638293 22.76053177
40.79486353 57.79632981
30.82577251 51.43600627
22.44564671 14.10279880
10.36542691 53.04964185
26.98191917 45.70543683
52.15863064 39.21425752
42.88284313 28.86049695
19.38665811 32.58689985
58.04668012 44.48926882
20.68884956 16.94498102
50.02745788 48.39575727
44.14020102 57.04925699
46.28491469 5.23494854
4.07346015 22.85906555
18.73076321 19.17964499
23.05866300 22.70557885
20.20710985 45.96015809
44.75321204 34.17652957
31.35546578 18.01023129
43.74827863 24.99704201
4.51023936 33.69488194
27.23469799 48.47620220
28.46545611 6.11192410
8.23138423 23.26065648
42.29813489 0.05795714
36.81943442 44.64525011
38.70460628 24.93614648
6.07071399 20.98545297
38.62703903 41.80106555
21.97851899 17.88471334
48.07322078 12.66257915
14.89155291 0.87403623
4.18758996 20.81345552
51.90523375 29.17920027
24.79445551 17.70132767
10.65395220 42.83805315
4.12672055 41.73382799
48.54404381 45.40720388
52.83882398 29.37341268
30.69548434 58.94081277
29.33662188 39.44512460
10.51142500 33.23418539
22.51742262 30.16874206
21.09403392 55.14848705
3.03644560 40.08563247
2.78153683 22.42332608
5.67620827 27.01271506
40.15820012 4.50799376
19.90455135 20.77478524
35.76735792 30.18576922
32.27836041 57.91989336
2.99867544 24.31860466
23.21237042 27.71173710
11.85623050 53.90474254
42.89750001 20.71333365
54.98126450 55.68430249
3.24475121 13.46770061
21.68085243 28.87452371
16.21436576 23.12814991
26.23528257 58.07486360
42.90475195 45.41223309
44.64690061 53.46717785
25.00839113 14.27393238
44.49440995 4.39191825
28.83398801 45.00592946
24.27158398 36.14607218
41.90724056 27.77621220
50.58944528 37.34019828
53.68873175 5.36905248
15.79814087 42.32529912
4.19245217 53.13192214
50.98930236 22.25837143
44.20914926 32.28816046
49.34295646 51.84733558
17.18636635 47.97998105
46.08762676 13.12642921
17.15935596 12.46981066
37.43703711 12.22525860
46.11770672 17.71761264
51.88675803 9.07332259
48.87014358 35.94850697
28.63472925 12.39026039
59.00586583 8.65178041
39.40591919 8.35689686
21.06387458 33.52417952
47.47731331 46.96179829
18.91606681 42.97130773
56.90936540 34.91930181
9.30120840 40.95065396
50.16584101 51.29780843
24.77783520 4.08207518
9.76957846 4.57912238
17.23266264 42.99049184
27.62734853 47.42486958
22.68970208 25.52894983
32.02619590 53.15983521
20.71544198 14.58977550
28.62605557 55.27683970
21.32948450 22.06996719
59.98949432 31.53082715
18.37220599 46.18871742
7.47865442 55.58443628
57.45240815 46.11058962
34.72450171 25.49685255
30.73367719 21.63861679
45.59727934 25.39795978
5.36766925 54.33083342
58.91120061 37.79289827
0.00529316 39.08618308
30.60516608 42.11716455
46.14583352 48.64887739
45.22915940 14.55713105
33.89185768 54.52717982
27.83411900 59.07752342
45.90168362 16.06478652
47.75417253 32.65529994
15.58762760 48.97024230
10.23113939 7.78762694
58.49938794 56.73035310
15.07422525 20.82984575
24.37358417 10.26739591
45.99422368 42.25480927
22.11528336 40.84569333
30.77861114 36.00202733
4.55758699 24.44622510
9.42878531 28.23035557
40.17059963 13.71231541
21.12061969 39.23211519
46.75407826 55.32018364
56.00885119 57.72204165
21.69718283 5.45166028
56.65882871 9.22114326
0.41307020 9.54768355
6.25169265 44.68160717
26.01372982 31.53842106
6.37501229 15.04114940
12.79866158 16.66411918
37.39442449 46.46646774
15.03135812 24.33533841
12.77788602 42.51136910
35.59169003 48.83483636
28.22069541 17.08559414
19.07387609 48.50453569
51.65349749 55.80282564
27.33776811 59.93740824
25.90925488 17.59016896
23.38147798 44.64120789
36.84447074 30.04487448
56.07283676 0.69051539
9.18837099 55.65493334
56.37106986 25.33777188
26.25289650 18.74254617
27.95037846 37.99741442
56.79777843 13.18332546
25.90853302 40.74278726
18.15034948 54.30575156
49.05925846 38.82909630
17.29052357 14.35059707
44.19266615 9.38244451
42.26138056 32.26312116
4.15746129 59.19425564
40.43164721 36.14073991
33.36439561 15.14997605
3.76545976 31.91518223
7.74664657 36.10763277
24.08992814 3.41549612
4.80235996 43.30791838
57.09633774 40.93791853
25.73247117 7.73404163
36.59721237 5.46589739
10.58859192 39.42625942
47.63270103 54.27294999
9.64258481 13.76006540
17.35836682 29.09332275
43.03458130 37.14028536
32.31475224 59.84117632
19.13005268 12.18235827
24.24612673 12.34950848
45.37428447 39.78198540
2.54492475 58.71659813
24.30961083 5.74482785
26.97451826 53.16426175
17.68876281 41.15776964
48.21375238 10.60383128
2.34037285 38.23796949
38.59386056 32.62161513
1.33207676 2.90973866
0.12582151 42.34769411
0.49269711 19.87920901
38.50050591 14.09683849
23.77399469 37.99619803
16.63245755 39.20398548
7.12434102 5.83517081
54.50580711 47.70887814
35.08384941 31.87502513
46.12314601 9.36932716
14.09376499 19.23328501
48.47747151 22.98241779
1.37409783 44.09910287
8.65972123 30.68549228
35.69671746 56.83071728
30.02588913 16.42125904
35.87342140 47.13107507
44.59152266 38.28884965
33.10817759 56.18427262
2.59829503 33.52641563
1.46450799 18.46771887
10.49468565 29.70079343
18.36024654 23.61067381
5.63260448 56.19839547
21.15202784 48.76298633
7.76112607 21.38298529
6.15954282 25.37142016
9.70021005 21.25613120
40.01406691 6.41701056
36.92203244 33.62203823
17.01954570 20.12365443
13.30141841 22.77525703
18.37921114 0.37607420
41.35622447 29.79806593
16.52373297 1.50298593
43.65175306 11.81310765
16.59636623 8.44520427
20.45718180 30.99430074
40.40229147 33.02964189
20.26229496 34.05447517
49.50722024 53.80320013
23.59677221 56.77538956
24.83544007 51.39534097
24.52501532 20.00988044
39.47238639 34.65602966
55.28923589 20.93850201
29.42539026 3.54899372
14.54829454 45.51732495
25.62700412 33.47081596
7.92453775 24.92156194
58.99362901 47.36968703
27.86419408 4.29242912
3.88155397 50.79845638
37.84621736 50.38134605
30.60029140 56.91847529
10.39811945 23.76931527
58.49973138 18.89775768
3.60059328 25.88381985
11.79286227 46.03587021
19.43198530 59.00392176
58.62821439 59.31572951
55.25059678 17.26245469
47.56129275 34.70328876
16.31060097 58.46936228
21.33463725 20.28590578
35.27139996 8.47733029
30.23832319 34.60451217
18.17953829 52.93675004
52.16236910 4.19715983
33.54045677 32.51677194
36.98276450 26.64444614
30.49729137 45.38243382
38.32522489 6.06821056
30.65371211 1.80331342
25.85337420 55.93893354
18.52250431 30.70708154
3.11538561 3.70998854
48.26956572 48.49200281
13.80071317 25.88345516
46.11267057 52.20143024
24.16767319 31.48063090
54.94101011 12.34816378
7.35342616 31.76534740
7.97871124 50.63938684
20.21223521 51.05480684
43.95173571 58.97440662
47.83080365 15.88565538
46.12435509 29.82413433
11.90677903 37.38306384
18.97442812 15.28238407
51.07606721 33.68774717
37.96390391 57.67425023
16.88274819 3.41703682
55.19327005 7.63038916
20.48462280 18.68216161
38.13831228 24.10517527
24.11396723 45.53385608
44.42516461 29.33739964
18.14598306 56.16983934
34.38850170 4.85153330
46.28004549 7.11181725
27.92201826 19.62386801
5.38668358 7.21099226
13.10328467 19.91579555
45.62208493 47.02731653
11.89480531 1.42644473
16.97358529 25.46521765
53.24579268 7.78201533
24.39737182 39.56158997
15.56940078 31.26872732
39.05868600 26.75891882
50.22625479 29.46407292
3.63596270 46.14233262
8.01675479 14.45030699
46.13548132 11.29287599
42.25403920 26.15242920
11.30892671 55.76806428
11.93248728 21.42344915
15.91236657 44.11756119
26.25977509 3.23132923
59.58743207 23.35899235
13.09283388 3.11059223
20.05383502 56.22768138
15.38361196 17.98082888
11.24900673 3.77133664
50.49184012 3.51311622
26.42947108 20.32936336
23.37484152 7.55203707
53.76354287 9.91840062
41.34425950 51.54798884
40.63949815 47.37084493
37.77093066 43.28448314
40.07528529 30.91742253
52.64579670 1.28838687
54.48350168 1.21822436
32.03090346 4.87709199
38.31818616 30.95718059
44.69603116 22.01048872
54.62423346 13.66562028
7.20243844 41.54386538
44.01196499 35.72923648
35.09818599 33.66474554
35.93881041 18.79611185
2.32968472 20.48400816
57.60700194 16.82573874
0.10647901 35.40217737
6.89653411 37.85620630
27.92501749 6.89158696
35.94258102 11.07372564
6.11249551 34.25264711
44.49988100 48.28537683
30.77554034 0.85538043
24.21503221 0.57534260
34.53126361 29.94748148
25.71981926 26.71702789
38.22219278 35.85675895
1.59902505 8.06130918
42.95596065 30.42682204
34.13053788 18.07610689
12.52167030 39.64785036
49.24868866 1.22521359
25.33668992 22.81637562
45.86535926 31.78063146
29.81305575 27.68042980
57.83958039 14.86687740
16.42973140 52.78803028
20.10192361 4.22279880
42.74313258 38.92206192
54.52052069 15.10463261
14.87988855 30.17782301
27.81160204 57.28114652
5.45449585 39.90368813
6.22556866 18.66869544
40.04826584 28.24995423
30.98724629 3.53884942
14.09410076 12.34416965
16.14774380 40.02832610
54.87608037 3.13955160
55.12483847 35.71242952
15.87435842 50.93397404
51.62333383 7.05216938
19.19453141 2.70880292
8.21093223 7.17597680
37.72459587 9.95759931
35.81394997 28.24757844
34.18285699 17.12606340
21.45053130 11.34519208
2.15602831 41.80377384
35.60111451 54.71191746
14.42448049 39.89076215
28.39453363 50.40527070
27.17424850 1.51824377
12.49668104 9.54283911
16.93170084 5.60783430
18.19756255 21.67420180
13.78191652 53.83511158
22.23618032 15.97122115
35.68124643 14.84455521
9.33424655 57.62704665
50.07807664 8.83304148
29.27200930 59.96261381
46.71498447 50.42814290
9.17718589 44.27487169
15.10358060 14.08609153
11.20051259 57.60661778
39.18104265 39.50703738
1.48450397 23.69385619
41.66967930 37.60825513
28.36641711 32.21711744
5.91478761 29.91862539
7.36940359 26.59864768
17.03844407 17.51321555
56.56783476 27.38165973
23.56921637 19.00878849
53.02848967 27.79981757
26.77153994 36.39297151
22.83908585 38.42279946
46.06974827 3.27824008
38.26735701 28.42429302
55.98711854 5.78763150
36.99083948 31.70777358
41.64263882 31.50244290
0.10109769 21.74227895
53.00714214 31.68184700
5.44713664 49.58873509
41.05831693 39.17355864
26.08974083 5.06035876
49.26692999 49.90789090
11.86808965 16.43998258
54.21274875 7.73665298
58.79171952 36.83835217
42.59200292 31.34710158
26.55384880 55.28150367
32.70043382 53.88959726
21.51830331 56.04338853
31.14686553 20.76837200
3.15968693 32.69607563
5.85505466 14.19684962
23.38264673 13.93618946
49.43848111 42.73275039
6.59964673 56.00921398
37.37984631 30.83252630
9.96702531 20.33811150
17.26807464 38.49717085
16.84906097 0.57761325
50.21235868 52.23061588
50.35820463 21.53429662
10.30677630 13.02620838
40.52943557 39.98831566
35.49264091 32.78827073
32.53404703 58.88112653
26.83944467 44.73822066
46.70511778 51.41473311
45.37656782 7.51390462
11.31973728 53.10195225
8.61889466 35.65149902
12.11134203 0.03879585
15.97991984 46.45067913
34.08371330 26.23626002
41.61337080 58.25858703
8.16520441 22.28083945
9.43338361 53.25074093
24.08012362 4.74851452
15.07718716 59.92725286
48.87947598 39.79110781
41.69322134 50.33104687
35.12272737 17.33163444
12.15555737 19.85969046
3.22812153 59.42921215
3.50506175 26.85402607
54.90635559 46.80518145
46.85196003 6.04448678
15.97102270 3.06069933
24.12778832 50.76240266
28.56158713 37.26293903
24.05782664 27.19210457
33.67108401 29.49569558
43.95684309 49.06967998
10.46345232 28.69000878
6.24357130 56.94087748
26.97853115 31.72371152
58.62294618 53.66909948
20.69965763 38.31533279
55.00298526 4.59386916
48.78943580 25.97180367
5.12912156 53.38255293
19.08780900 11.19355818
19.67139412 1.85920809
16.00781143 48.06215469
14.71621742 17.28434981
46.37127670 47.70579313
56.91514896 12.19270438
45.13648753 17.84020555
16.89746387 57.69303410
19.52750043 50.40312418
0.07328177 33.48407386
30.54172536 50.50532317
35.13860150 19.28855534
40.34621934 56.94550302
59.15444711 31.00710382
25.27189889 3.22815343
44.26044488 56.09593337
16.96233606 2.38950074
14.92757855 51.08854687
15.86324970 0.72527435
33.10357206 14.22990470
13.70336494 42.81341345
20.72545087 28.67313201
1.99054529 7.15588161
7.05321598 18.12810188
20.42084857 30.03548916
44.42345683 12.38814110
21.40551480 31.14522111
29.77694586 59.15084738
59.61913415 1.43810854
39.47915442 41.32358920
40.27877554 35.17729933
20.03260064 3.23794867
5.35334200 12.97111837
27.00652239 4.72384665
36.42670417 46.33482290
53.73167450 0.62054863
3.29720459 20.47651427
57.74754577 1.58046684
41.29005865 40.62071031
49.19209420 10.59218094
36.19256529 10.13497667
25.29107562 57.88208293
35.35389383 50.52811498
45.18570014 32.48549063
32.87822632 5.33942750
47.01994093 49.05321058
47.88275723 44.66192217
8.41619017 57.30200853
49.15091331 47.97502765
46.72555392 37.16972971
3.30394733 15.94027134
28.05005121 56.08212484
5.93839541 27.95543481
42.48518785 19.81690081
37.11645243 10.74645099
45.38770524 4.81621550
8.77724836 4.51786817
26.87985614 2.45864275
17.28907789 53.39881314
51.09844966 28.64952404
43.27350777 10.91778965
34.04326202 55.83898244
43.13921853 39.79693701
16.00340389 41.00628851
36.22834297 34.27752408
52.62222958 26.93725544
16.20962191 12.28608117
49.02045680 12.67338384
23.47329549 28.66149292
38.61481251 42.83803733
45.28176684 52.72610342
45.95468583 10.33624264
4.29950971 13.14322282
36.22149181 48.05947734
37.31780049 28.26531807
43.86703251 20.81262055
43.25790110 32.07292567
6.29397175 30.84943265
38.45383177 53.06685255
33.29709780 18.54846746
1.56619160 1.99283853
26.24737909 1.67654875
4.21541059 44.07134798
7.78885884 49.66037258
46.97502557 35.47757337
4.41703454 6.48835967
26.31199846 35.53474189
24.53780956 38.58642094
11.60851384 42.58799400
46.82397057 31.60109429
39.38203232 3.90043212
41.53021489 10.57654539
37.65342901 51.85356880
21.61991417 59.70847039
44.10928081 22.80374628
27.40948213 37.14907268
0.38256301 20.83283515
21.09464895 23.00280447
50.70147541 6.79871404
48.41058183 49.46907681
55.49934756 6.63818316
17.58980027 30.97773786
45.26982409 13.60831895
41.35680266 54.52682530
55.34535491 18.21977055
26.99913114 46.66746377
39.06367913 6.69263375
29.64707191 41.87774033
47.34643008 12.02109002
56.38392246 22.26209958
15.56164034 49.95406835
52.99404079 4.69201496
10.94921292 56.65934513
29.79140138 0.76842987
18.47383102 32.89805486
16.91064624 40.61237885
43.85196492 45.45355927
31.77947211 51.65815711
45.03966615 27.64199674
58.11524031 6.27470748
12.52132492 2.31902398
54.11477594 12.83184248
48.48464571 51.39273798
19.75684748 23.49563287
6.40723577 26.32125723
39.78351858 7.37631436
3.43573079 31.02755320
19.30838958 47.54975647
26.56251795 33.73082979
25.89860478 25.75023229
4.61063049 52.28567210
9.97504781 40.20869591
46.83273375 34.08475286
55.93576127 8.54718997
19.89332922 31.76646986
7.06873179 20.66808039
48.80168088 22.04585984
37.40120450 6.34654312
59.80963547 24.29774187
15.23852237 40.37956183
31.18631579 2.59297419
36.22266839 40.59112105
47.77829362 33.66153197
59.14335808 32.00503751
25.78007555 32.50033551
43.68647027 47.77889544
58.15806073 38.40428605
49.20189316 48.93943633
57.79297321 17.78539927
31.46132863 45.30298810
22.64234095 15.07532192
47.90970208 35.85919222
3.49704848 40.96898982
55.39176735 16.31320169
59.25698218 21.26566071
41.28308129 35.65796174
39.82705962 57.80730009
47.01076476 10.87847612
19.35740507 5.56294776
49.95193790 54.65954471
16.03067886 35.01591210
25.49545751 20.06527527
4.81414276 55.68747166
1.19136470 43.15119086
48.28937672 47.50431274
7.10868711 25.65372278
17.95183848 25.57054647
18.76760563 31.71463339
13.24297769 4.05349880
58.52794970 17.11868999
59.53128506 19.76855039
23.67039201 6.49038459
41.93508457 9.54724600
1.64247042 35.35164598
50.11996879 50.35316329
10.61164208 21.61263939
34.96093296 21.26425798
1.94134030 21.39069470
9.30422560 31.43480963
5.10335822 59.36257755
4.63556749 50.15851120
48.56951936 16.48233840
28.70652142 11.44126005
0.08609624 51.25137429
53.88913337 29.74683461
14.48934540 54.44759514
6.74156928 15.92989704
50.39465346 43.55123189
8.55841720 24.19162456
40.89602439 41.77454306
3.24662154 4.67679510
40.77199204 48.66529789
19.41933680 33.56756035
17.45966368 21.02489156
19.52194521 18.61509532
19.25603094 45.83635105
40.67747492 29.06966162
24.55619576 2.56483378
38.21365421 46.95553369
21.53403889 34.33612653
45.11434921 15.51974042
33.05827695 33.34477286
26.84784749 21.17919401
13.90991333 23.52621573
17.93247807 29.90780774
6.36929383 35.17166493
14.27203303 18.27139190
44.42237853 33.25758086
25.36138395 48.39320440
6.80690916 21.61547646
40.05832609 49.70666188
40.94991771 6.61021688
16.44575956 29.43546396
59.81703185 38.13015280
49.51646943 35.22011021
20.39132058 10.17813774
0.82346429 36.06222695
33.14298675 0.31981155
38.16914166 30.00177785
28.03378099 49.02657993
21.09170405 6.23460423
45.57987454 24.43159762
58.94290386 44.82887527
58.10503058 0.13424267
35.71071084 53.73251440
17.06095494 11.49634672
14.82614965 19.88712203
32.74425120 49.92413759
18.82869869 52.21483849
27.31422792 3.44579680
54.17310742 35.84616649
58.28316446 7.38111486
25.10018638 50.46658056
39.18345862 25.79367647
31.15077969 24.98705904
0.43461323 43.79754813
24.90573574 52.32529750
58.10462808 15.80877359
56.76628672 6.40068307
27.53786216 18.71821228
51.68498203 6.08909234
18.16355730 48.11854778
7.58643538 24.00694316
47.24681884 53.37531109
38.38157239 10.68476400
6.64610252 27.25713136
46.16674368 58.07135853
7.45305371 7.79015800
17.58952923 45.65781008
49.83142847 39.54755795
14.43744240 25.14214689
36.10363408 45.28743497
12.49462126 38.68928463
18.27527092 57.76977813
4.43634954 54.08201377
27.72972521 30.56593184
20.25347835 46.92629230
19.93584858 15.18868584
9.24317548 56.63483971
1.59460255 58.91370492
57.21555858 4.09366137
17.13830092 59.02607656
56.19653932 17.44373601
55.12343686 0.47454308
39.18631284 24.13223424
0.64669045 18.94219860
27.74314908 38.94822145
57.83671152 58.79353013
28.81259031 31.35259890
5.47037537 24.71155900
23.79680296 57.73311910
40.91130818 52.43480475
38.84454457 9.13880906
16.08388041 17.28961594
25.66334283 58.89241909
17.32502267 52.42193205
23.10606330 50.38026627
46.17390652 49.61861578
5.68509965 55.23345884
4.57064526 25.41470819
41.94086121 28.74247518
17.70948624 1.07406363
43.72325352 30.99592669
9.89304427 52.19571890
27.73697423 34.39885317
1.47435656 37.76125765
5.76265062 48.68774238
34.66399663 14.89891954
34.51150904 32.66751136
7.25467704 36.94850593
52.20147366 28.26834032
26.05675937 6.01467516
51.16331108 29.76772319
28.14626514 20.87360878
29.22989934 26.41846043
17.99361397 20.02250209
43.79201563 26.77646683
54.93124553 8.58900934
9.92554168 14.69651056
47.57550868 50.91385970
7.63000141 27.52931813
12.67502994 20.79139760
40.53239337 12.79609348
35.01894305 46.70714935
58.46292635 43.61918493
38.18986766 25.72773730
53.75028644 27.19226253
48.24541356 11.58606634
59.56259309 46.56997660
55.28356635 21.91789914
38.53863831 23.22283555
42.91114398 32.99562403
21.07810304 4.07614580
41.83000917 38.55662950
26.15984871 57.09284150
23.63282566 38.96231217
59.36955096 22.41442813
55.96109498 9.89163306
44.96345870 54.37833869
22.45656612 44.35133977
45.75920957 26.31838205
38.92525479 31.71170638
9.80534658 22.21791003
32.76624544 51.77215697
19.09851714 21.30441875
40.94833436 27.91287157
47.12892451 4.76614007
57.98877764 37.43017345
36.63115640 56.50019518
11.13963830 30.43219092
5.15392201 20.70286097
36.40580235 19.62575602
44.96310501 30.13107456
59.48418470 58.92556192
6.07771421 53.68840245
23.39396224 21.80345558
5.51199519 44.01291904
50.94434214 9.24270126
44.86411194 59.21191685
43.89949664 3.62989219
25.56959494 39.19685758
3.46412311 45.20858771
33.76060165 30.50703772
10.50386932 58.29438227
15.74492612 21.52839571
37.45889015 55.16615048
25.77922063 51.19858904
12.50305360 43.45917801
5.74790235 50.50566787
46.01022309 2.30871451
5.02239667 22.59816984
9.80448144 18.45783860
44.64602573 25.31618436
20.03091288 48.71038544
45.69622505 8.52078590
6.36507970 6.43925344
14.89943049 41.98559839
21.60102657 29.86468810
13.57743357 45.45796473
35.77477829 55.66274519
9.30299960 7.59255583
41.98579270 30.57385824
33.93251162 10.66505492
19.43680089 34.55745429
13.64607215 59.04647079
52.66179492 30.29647198
32.94739350 52.79878826
19.79072047 14.21368366
3.73230729 24.91328619
56.53505310 40.16416621
53.77409207 15.73405126
22.62683877 52.21125804
15.74496333 53.45562393
58.03111364 8.35270744
7.16709865 44.34956027
25.17098812 40.13936829
1.71406727 45.02716275
28.86297031 19.80660944
59.10359473 16.08946100
21.22099318 19.31206841
4.96645245 9.98463596
2.13219812 32.67263137
23.53088375 1.22760403
11.43218010 29.43391873
13.94308668 2.62552662
45.43047955 47.98401847
24.00612836 20.84649947
26.32493347 52.42192872
1.61994764 33.52012419
6.52711978 40.81795211
2.26023452 59.65920544
28.92510637 2.70006604
35.97999659 4.69457070
18.19293901 22.64816462
23.14149117 45.58816628
15.03557428 48.13916144
8.02138870 40.98737487
12.71460991 26.31334925
20.71924715 5.31677638
7.42293943 15.20459420
31.51443588 50.71046921
1.96164326 19.58189017
53.75388437 8.95297155
29.76420520 28.66472427
30.05986027 22.31236024
18.01590060 43.52451581
39.46204625 42.31050353
29.43781744 34.09720941
1.22009857 42.07808681
2.83444898 25.27261960
48.47038827 35.03982138
55.90449101 12.38760419
26.61874443 41.39361409
14.02114887 46.34741189
2.82883829 50.13733667
40.25848145 5.45962208
30.73831364 46.30817153
46.52436505 13.99705364
14.83886773 11.66455447
55.43646824 1.41914366
26.88925123 59.09601461
18.62077699 41.03657990
49.91985725 2.72207993
35.48562807 26.11803459
39.55622216 36.51581025
11.50656642 58.50796759
7.53886046 54.60319056
57.27421846 43.92948798
6.86525946 24.70962650
45.19249240 11.51032610
38.24126273 39.44579396
34.79390629 16.39624109
8.37696797 55.12239367
6.40494134 49.72704323
47.43562359 47.96155185
13.90464729 30.07371878
17.54485839 48.87988331
3.71233250 21.99980761
54.61135797 11.44075186
10.60392369 13.96669231
36.95162331 42.73029044
43.98648451 34.74485828
40.35954666 8.34495461
52.26246619 7.76641918
42.93797250 36.18961044
16.32763786 18.23235199
31.45047758 56.44726164
12.48215709 54.65740150
2.41187545 40.85714143
25.07798810 53.36905905
56.94679500 26.45960669
25.52724973 21.84429487
21.23250268 16.12893559
0.00722879 32.49864113
0.42198653 39.95520865
11.89004104 56.95480567
55.12032429 34.71771674
7.00076672 45.32503806
1.13077157 46.92904554
22.34572676 23.36433311
53.31913332 10.76509743
28.26134261 5.17572329
44.28239904 24.20249469
24.49824860 28.15628189
3.48767607 53.79138204
57.13035729 15.98823114
39.43488007 33.13142079
2.14006037 34.36328195
56.71008044 58.36238212
14.99913912 46.39395458
30.28433055 39.22599031
42.37764740 11.32463996
8.49296657 36.71247396
17.35523607 42.05754277
58.61154774 57.70963228
57.28049012 45.09782796
17.59602513 13.34619599
38.49115353 51.12825559
38.55070439 5.12543783
41.89953540 52.35352313
54.65743837 2.18472999
18.33340742 47.13427159
19.49404964 30.79473965
57.01180022 0.79901356
8.73524240 49.99000275
52.75417263 8.63009765
14.70545950 13.11370248
39.54385688 12.93917392
45.15236614 9.51340368
34.40104892 8.93205530
23.38988387 0.11352531
7.34835202 22.84997233
45.20347852 51.74154013
29.38129706 5.86455664
4.77874360 51.19884230
43.49016743 29.60740154
20.00495015 7.06976749
51.84868533 38.29259514
47.56879795 49.95023787
25.33238878 30.82986180
23.17695134 30.87520596
21.83214540 16.90308570
30.86179140 17.14860836
56.84169184 14.98110789
2.47731046 23.53474433
50.45880538 53.61712393
23.53394218 19.97979879
0.54066721 23.62131515
35.41116832 11.87046435
51.31270336 21.27674006
35.12114377 30.89274650
21.15945963 51.21557327
59.30925841 7.71540364
49.41320184 36.74265588
5.15566225 34.43519454
48.09734402 9.65271991
46.99241513 9.74257422
53.10397639 39.45364197
56.54074377 45.77203220
20.46219357 11.43610983
10.52532059 38.34293104
22.69635960 18.55950183
35.07885355 14.00211331
35.61200267 5.60278078
39.19310811 28.69853426
26.59059239 40.06615603
12.70051608 22.00875701
8.80768240 58.42614239
58.84691267 25.18066801
31.70532989 0.61638220
3.66964684 51.74095876
45.18869453 2.85020608
1.34530180 20.35765873
21.64119418 14.95561952
55.65614280 11.42819430
24.68579343 35.28623203
37.71538249 44.25447742
19.37573435 43.82297196
22.61931733 5.17407914
31.88558325 3.89639589
43.84545715 37.66622334
48.34817123 15.05383162
55.18651659 58.20605434
23.45994917 23.58492533
45.75447469 18.62066711
11.39399792 33.65208680
4.02913690 42.71291880
50.79253178 25.92323045
44.28063303 14.66287324
2.05355235 57.89368991
35.31162912 27.39819074
15.23522463 44.83436838
38.44881911 40.85633738
37.01206359 57.45740522
36.60510193 17.12651968
19.84968025 16.43884447
13.73594087 16.42818106
27.20113053 58.12443398
45.48247884 33.55864447
22.97050292 37.48917077
9.33735099 12.83362234
20.42857124 24.79641613
41.22603626 32.49950463
45.62617331 53.64025048
13.17671329 18.97143297
43.04265341 25.62298304
24.34756156 22.77208169
31.34789310 36.76705602
40.74693953 50.59012212
14.01120462 1.25475344
34.70232688 55.09520655
57.55532858 27.23249619
57.42605651 28.20011823
17.82601785 24.42215246
8.67286040 13.58673100
9.48343649 54.74022533
43.58069454 8.65254148
22.22987410 6.28710387
4.16752494 0.15464892
14.95501288 32.03778435
51.31397415 8.27980722
31.62411143 8.35164845
45.87738648 6.12920132
4.01137831 3.11300301
46.84139061 41.76051357
29.78105551 44.71178956
56.30628538 56.80750559
12.45543793 10.54023461
53.82027397 19.82431830
12.96155883 25.35280066
36.67224114 25.73173593
47.55492447 45.59558955
46.73351723 18.45896151
25.04673343 5.02351179
2.24985097 4.61430500
8.44634172 8.10859680
28.65748440 17.96940225
36.96835385 4.57533079
4.73366494 40.95178691
36.84003395 47.23746685
56.91672486 8.26379631
15.50030290 52.46249705
46.51233015 16.84247465
16.84148179 7.48454607
19.37417002 19.93240263
58.15488863 13.79322522
43.19376704 44.48352681
48.62001197 54.20428213
48.20654546 46.32058035
22.82745808 40.15474923
52.81982793 38.50329010
58.24920906 46.68316601
20.74208726 21.27275454
21.95328272 38.76146361
35.08165867 34.62237760
25.72444620 16.63478418
47.22858743 13.14754798
19.81748001 17.43523467
27.06533440 56.66086753
26.04458711 45.41918659
4.48243205 58.28772757
0.15382868 30.57519697
13.06003912 15.68202519
38.47190719 49.63670119
25.87101662 34.42421025
8.97417856 14.50341456
30.79005176 27.60177230
13.41602739 52.94443526
32.21002079 11.72751122
1.00565988 7.25911305
40.31867955 21.82013203
44.50653560 5.35738395
36.89785541 43.70560528
54.30195900 17.35160618
29.30868335 1.61510493
31.06117296 35.07525503
9.63163561 29.20534482
46.85815487 30.45066005
13.59897823 26.82336871
38.34569686 12.49330075
40.70164659 31.66403425
1.63777366 15.52705994
35.94845039 44.20288012
34.90620218 49.55192796
8.30161716 56.09399493
22.37472794 58.72196386
2.15374654 14.04387503
31.12968463 4.51083345
11.38832490 38.80014208
23.38945757 10.29689667
15.02626719 18.89365400
4.41469733 26.39762971
20.18251200 52.01626826
45.37206654 29.22608170
11.22121398 20.79649568
37.59146772 5.39052659
17.78204621 18.99376555
58.63946769 23.54445817
13.64144740 44.09524144
33.81692511 53.57025085
18.43201880 44.51496026
51.97804117 22.00755329
29.56512437 45.66109567
11.49884084 54.81956160
0.69482708 44.79866080
6.06367904 45.65774688
21.26391294 46.70345612
8.31476767 20.57984992
0.30987149 22.67819226
58.61412364 2.23709091
59.37688086 39.82965786
56.84282418 50.51202537
36.33470181 6.39340200
31.58844625 58.59382101
33.40741656 50.62738867
14.13492863 34.89421283
2.69636891 26.25264955
59.37785179 26.74086024
44.17979934 58.00817427
11.39502401 2.78591823
39.21269748 27.71254616
40.19394715 33.97928470
42.34531519 29.65925640
12.87664819 37.36395464
57.47089256 21.66711635
35.10285179 18.29579591
4.17529456 32.78352131
41.97000220 39.52026258
37.93583380 58.62963737
9.34222770 3.69104088
23.17063755 3.22097281
50.95436833 48.62714399
52.04106385 0.53960722
37.81646060 42.28510823
28.68582824 56.87860045
43.28000426 9.79335010
32.85964608 4.34809423
48.13199578 39.09006682
39.49806775 52.35310706
42.14419305 36.78203988
37.87918358 13.36422372
28.44174711 3.54666103
33.87692130 56.81681874
13.45702487 39.94635849
52.39501413 40.15869142
28.78447813 59.11739196
30.56899709 33.70221976
27.79467543 0.78839437
16.55210036 48.87077364
29.86371725 51.31210940
58.18321173 45.47759772
3.48388025 58.48013455
35.26328713 47.88848966
49.42207277 52.83291741
7.67184951 13.54138693
22.80068151 41.52592371
57.85452064 35.12106560
24.02790136 37.07793768
42.58673149 37.96233508
25.49659656 41.61210929
25.25325949 36.36394994
56.25574343 20.79725448
38.58700978 7.85743945
56.38027722 7.33423167
17.39921225 39.76603130
32.32122043 17.90638766
29.80465325 56.40833040
2.72594888 18.94291966
41.84941772 49.16524949
44.88228393 31.57185537
59.07711570 38.77350556
45.90172700 30.79252465
53.56844738 1.60269836
44.82859966 35.21970658
4.88096680 56.79053125
40.31807403 3.56190907
38.76675280 34.01472723
11.14176209 7.46726920
31.61976913 5.76748133
35.19655071 10.46863958
48.90842887 44.50982799
4.69049930 16.10574171
33.46786383 23.67414804
23.59407365 51.61190262
36.45035050 27.47758371
17.53435980 6.36631503
42.25619011 46.10205282
14.81837756 29.21128861
39.18787490 38.56040616
57.99219276 41.33685453
4.67838782 21.66436405
43.14561714 35.23879598
29.56914278 12.11550911
39.62343235 40.35020323
43.55938632 4.66586372
21.48698794 10.37261224
3.53629718 33.71348582
33.83162094 15.99956872
36.50323872 54.34489371
59.08036621 0.19522658
54.26036571 56.42136230
4.98084837 27.67854077
56.86157166 10.31317755
45.58114487 46.08236075
36.76262273 18.34070946
5.73582980 43.02700518
37.49898793 14.27875078
14.49946219 22.72282190
41.91025145 20.62029789
59.99231504 8.58157586
24.89030006 19.10542892
34.29279535 5.82940083
19.28823401 0.02123538
2.32311513 44.23105498
2.23660501 17.91580020
22.63565184 54.99576540
35.28684478 29.37678009
16.64130529 13.62704487
30.09387410 20.92039098
56.82381239 41.83886696
36.88502908 32.65927248
28.10410190 1.73476214
54.99450406 26.41442602
37.94385466 31.86250156
28.11079862 13.17626147
21.85882007 33.03051860
41.06722404 36.86157051
34.44929543 28.88821698
38.11900629 45.83372279
34.12520566 31.75282371
41.57880551 25.48693684
18.03120973 36.44902320
39.86616364 32.22691162
13.95221519 20.32248687
38.48128048 56.87401103
5.32416605 44.99428318
12.77839404 0.76217243
2.97512328 46.81031504
30.75541269 44.45330924
14.27091536 3.66795181
33.25628439 17.04368434
30.20210318 4.10760685
36.03842340 31.82045352
34.17314399 19.03878376
22.80457671 17.35321544
52.63777082 9.67338382
20.42534103 19.94347259
16.24581070 51.82116271
8.75057687 21.47235305
34.36990972 50.79828671
5.36930457 6.22463453
3.80203805 23.80179954
6.61981026 33.44243183
24.32511685 7.25569416
22.09734983 50.49643795
50.83127298 38.29019213
49.24770484 9.26617674
3.90896641 39.65913040
27.01716517 38.27796490
15.62499621 8.26954215
29.94844543 35.52112209
28.18619378 58.17220825
33.25434228 55.23762450
7.61958400 35.16317298
16.28878555 43.16496722
50.02222602 28.50553571
22.40546546 21.95709583
0.56514422 34.53811656
57.59763066 19.29437633
27.29384570 35.56415384
46.24667375 4.23489642
28.48364092 44.11565712
10.25026484 57.35274572
34.79659298 54.12800133
3.27843843 52.79676617
12.64146714 58.94036147
53.20534514 6.80833498
4.74446753 23.53959781
57.55017916 11.15909716
4.62224393 49.10020099
18.15087260 14.77528817
20.24893103 33.07049071
16.54508007 44.83781022
18.05947686 12.05074740
11.52758232 39.77270417
30.57572247 57.96098620
7.74827932 32.65689790
15.39652504 39.41994459
5.25150517 30.64897851
4.54662348 46.38154081
50.23290002 7.89122787
15.84678933 7.18359548
45.54564464 40.73800746
40.91333259 38.20674077
27.86771565 45.26964782
45.22576130 48.93916261
17.32997868 54.83557040
40.07418992 39.10411426
42.13595696 44.82143455
23.95898378 47.18860208
55.98531869 26.35432176
45.42516353 38.79770294
43.86382596 36.67080846
1.88261594 3.69517462
2.47763367 39.28017103
53.44043759 28.64885325
0.84334400 31.97266851
2.05529844 24.45276351
45.27414659 3.83271722
46.75123251 32.58778600
56.16748490 59.73289608
5.47047551 26.06727888
30.56251759 41.13669369
9.18665936 23.36588187
56.88351807 46.87404843
55.39819181 25.21393031
29.73167985 38.37127409
26.46900851 0.29568533
36.24521786 29.32071364
0.60023073 55.72611511
39.16655446 35.56497825
29.58837032 55.25743400
16.56245033 47.25312363
43.71388265 21.78716055
32.24038150 6.78571029
36.40737532 30.90196770
26.75718054 17.08344603
15.93509678 32.17908747
45.61945027 34.62926065
37.92684563 26.92586102
29.11991262 49.73501312
22.29343148 20.12065240
48.51375076 43.50505874
54.06836061 34.75536732
44.70181809 47.33136541
10.05556693 41.58376260
57.61765796 57.16919986
38.14031280 15.03087982
43.14251529 59.52903695
16.52564204 50.23792110
45.52676413 16.93246173
52.84308896 3.47702320
39.13464395 14.82240456
18.53415331 59.39718632
49.78494057 38.20149190
30.95164976 52.39584937
34.12584411 33.58079281
44.90848348 6.57694809
0.31176037 26.21312784
51.64950208 22.94234575
11.71885345 22.36615719
31.70045535 21.60076914
23.89198004 9.39786560
54.59211870 5.71865741
20.16179606 39.23568509
28.59091279 45.95435219
2.37172778 13.05821707
53.91746356 46.90963108
41.68422111 34.45920905
46.86598497 15.92217816
37.15776932 45.52888661
15.33200577 43.35352108
30.34842274 59.96615195
5.38738772 15.05781627
30.21061989 2.95431099
43.27199598 56.57125790
32.60421810 32.30680108
26.93774157 19.50277091
10.89413547 8.48344686
51.10408700 51.40997262
1.86889135 22.78448106
37.42035184 29.28488736
26.37647954 37.25863902
48.89965793 2.13778261
18.65781964 16.21845549
51.43799905 39.85387936
7.03198799 14.31037636
10.14458468 55.80804477
3.05372755 43.34912928
32.70697941 57.04861317
55.98509221 35.22869839
34.62374936 48.63289668
55.33454915 57.02345314
2.70813860 9.43009156
31.20242769 22.49208245
8.31622550 26.82834419
21.06062050 45.55217959
56.34300881 4.88581636
42.95358654 24.45915679
21.01392559 17.86428813
15.93205260 38.58500153
16.92079318 43.91752012
52.60654802 56.04338766
20.32397544 58.65899996
49.89403651 44.55542091
44.20972028 10.35763922
7.16226118 3.16914259
33.23177765 58.06675465
46.28149536 28.85763453
43.68301941 38.65464774
36.59510015 11.79457856
54.07646846 55.33316983
46.54844465 46.73244933
28.72693998 38.64996183
52.93650611 59.99119638
4.46776089 7.55294931
2.92375267 21.44558576
13.95873846 0.16431657
42.55711942 27.06863037
21.73454735 21.17677738
9.81147908 30.40492008
56.43221477 28.34842791
3.14016057 41.90151900
9.72763097 38.95374484
24.77314161 1.42200699
28.29891802 59.95341961
57.61872102 9.35232271
59.13318159 48.52542505
4.92512743 42.31858748
56.80390301 3.19171857
41.50514147 59.47248541
12.81212425 53.72987685
0.47629727 3.31147088
30.40154777 7.00237290
32.44563578 46.82041904
26.93895597 11.31229893
13.61721060 24.49584449
2.32907350 2.82899246
31.42644267 57.44635313
13.82915417 21.93520754
25.82747904 47.49708193
18.00951092 17.67166214
4.26927331 18.40467178
18.01409420 51.54012329
50.65081261 32.79886384
50.07060127 49.37228920
57.20778508 14.07223822
24.82923807 46.58101783
51.47629720 3.51439261
25.11847524 0.30773364
9.00558744 6.63928964
7.74338569 38.38417401
39.19116693 30.58984981
50.30518047 47.47789094
10.87781746 53.99044227
46.35881609 12.22113025
20.57534769 13.60843539
37.44714368 34.45011579
57.71594727 12.79401187
27.10023764 7.36862313
21.62495520 1.05120213
37.76627890 33.12804823
4.06980529 34.55873763
3.44987877 14.43637941
13.95891302 39.04320472
45.32968535 37.68892166
44.55590503 39.26335977
7.84980771 5.20725009
5.46488671 33.50497096
20.37915363 34.99866144
41.16593756 18.88765407
17.76294088 28.07365015
54.23383746 3.86577137
31.78997876 35.77088129
46.32347416 39.95666702
48.53982036 52.38036810
11.36595381 45.14955765
7.10262261 19.11989143
11.61658173 10.01735703
46.01925026 15.09844071
43.46645111 19.91096306
43.17646920 58.41530023
49.51816835 22.75506344
29.31409301 13.10761536
43.12989802 27.93024986
43.71012979 53.26922585
16.05694864 20.31752995
41.02355333 30.72541455
9.76491607 43.45663398
46.49912657 25.08585153
49.29793324 50.86959894
6.80254622 38.82773463
25.75638862 4.09187016
6.35966411 5.25804549
47.04583876 29.48308056
30.82568595 28.73774274
14.63913377 49.15852130
41.91857686 33.17587015
7.28978953 6.80798323
42.72815496 22.66602806
57.72482473 40.21377316
36.07043224 13.94263298
36.39071137 49.37748438
24.67563450 33.46055224
12.31630211 40.59829397
52.26410175 55.01549481
43.82052399 28.62519801
20.71195938 49.65827153
21.49090944 13.97567966
41.62651441 47.36071102
8.05763577 25.87734372
0.91890143 38.79150578
24.21829648 48.28987540
8.03832467 6.20206630
15.53139941 1.63887173
15.96836975 5.69539709
21.46799186 24.41674928
37.95635616 0.85209779
24.98916880 56.35743204
38.30445502 36.82974621
47.37259261 14.98598619
12.25582194 55.99574950
26.22115706 53.81162703
41.58455597 26.86353847
46.93993448 2.89051989
45.87119758 50.88937281
39.31139297 5.75163421
42.33835142 21.50642287
6.65993276 55.02978556
13.88190428 11.38483375
31.34599401 59.67222289
50.87815878 2.49852640
