41.95257887 35.80227622
19.58491851 6.17190902
4.45915524 53.19078937
21.16744756 21.02985865
20.03661334 55.83471631
16.07990861 33.04119777
49.97123280 40.86944634
21.40371477 22.93092582
27.55939076 52.04927565
4.25907463 27.14001932
45.80881906 40.11301001
0.70251396 4.15527991
41.82281240 45.88081447
4.48789679 17.13652419
41.56378111 34.40203867
28.67208512 0.92204554
29.90686030 7.47929231
22.83443320 59.22449320
37.45306840 50.48025121
23.43932522 57.65002723
51.52938480 23.63665502
48.52488246 12.56001587
13.95576158 57.99846656
59.50733974 0.56769619
41.06661712 40.18488345
37.26805025 47.44868336
41.57024589 10.17072335
28.55167240 4.66432507
59.13916002 6.01550057
26.41855971 36.71423754
21.34446570 19.09750893
48.59533059 50.76024182
56.08166133 3.97120298
37.16505018 20.97740681
2.42540612 26.64626825
5.11524541 45.48192474
29.48058850 38.74869357
26.21527833 42.98187993
56.47832324 11.48199993
30.60825019 10.11177780
17.89593135 51.17374578
49.22326163 22.25233352
43.78632226 7.81741730
30.82830354 52.24697831
20.87616407 11.12165235
5.34430027 49.24882901
27.87222257 41.05023701
51.07826143 38.36558632
41.78905895 28.66310937
17.23559918 38.67903650
59.43762171 43.73257598
20.32983200 14.66996095
53.63844138 49.95135636
47.84589805 53.60674188
48.22447489 4.95537039
2.20593080 18.31544865
14.73618775 23.94629115
23.09243010 32.94247979
23.46162802 50.62404819
43.17295990 33.91116458
24.22951289 19.30733053
43.57807502 24.80668744
10.71482156 30.97409588
35.83349741 51.02284762
19.32516631 4.19378015
12.42756931 24.72740820
43.69960850 0.65794695
42.04449431 47.95363015
43.98569577 19.73229067
3.87255091 21.48178081
47.46385360 42.28308668
22.82781948 20.30585595
51.71162040 19.62828066
10.93306524 7.78300750
5.29691866 19.27023103
59.54537086 33.89606123
23.41723365 10.82728458
8.65894702 50.11461340
8.15117905 43.50356466
50.24410241 39.95014836
57.22674933 36.78453693
28.56299752 58.70930059
27.52694580 38.58037923
13.00475312 35.22798841
35.97507442 26.79909781
24.44539780 49.69470292
55.91921325 39.17850908
1.76916181 22.12552497
6.98911210 28.32376707
45.59138870 2.65841588
17.75019222 19.21276737
35.77364376 31.54265454
34.56224869 49.88650601
4.26754864 25.08185615
19.27093829 29.83430422
17.00101038 47.62718560
37.28848346 15.68925751
50.77886576 6.73630561
10.92643109 13.58731239
30.34455403 29.22122006
19.54818102 21.43288708
24.53016082 58.98471047
43.35872166 46.70217881
45.49410072 53.28180305
29.00833601 17.28956275
43.76933423 58.94458789
24.29217196 44.26937966
14.25558938 33.54325152
33.20284264 24.32429896
49.20711408 38.63456010
56.02023917 5.88587381
17.42654645 45.74087875
8.65800651 54.09422961
59.44260369 29.70600072
44.72037123 33.45113095
49.31635084 52.23687601
10.44356057 53.07675559
50.14198352 21.94342217
19.47595237 15.07651750
33.44045798 17.09976131
44.11727721 18.42611335
57.06153175 15.34530332
45.86894630 35.77044019
28.02318867 7.14006336
3.01013827 14.85223507
45.34657169 12.49309466
20.22356222 31.54899349
49.26586393 45.92186982
26.43497502 41.28412762
57.67799696 30.74321059
15.04341794 42.27168627
52.01731880 50.88828864
23.27507547 0.80180491
14.94855478 15.46495667
19.47623568 40.53071362
29.28926893 51.01510525
25.18646787 25.40708018
36.44056045 3.87585025
23.79351670 16.23558820
26.91522482 55.02238483
19.57056554 19.56194889
59.24508545 25.36476917
22.24741008 44.66494562
5.21709353 5.98534694
0.36811974 46.63582476
39.03781819 17.84513173
31.00013063 20.69288613
53.52428476 23.74873782
5.47991273 54.99246104
8.93438807 41.62905855
3.63781405 41.55821774
31.90010146 41.83972971
45.59527109 49.14966021
46.75208648 13.44552540
33.59812407 51.64128449
27.88630365 57.11104459
42.95576094 12.53049870
49.22718276 35.56235204
13.32998654 51.11600593
19.78073538 9.20630369
3.01175778 48.48405776
16.00297641 20.45974047
26.38891711 17.94302524
42.29246251 55.68911978
21.42236753 42.89048279
31.20972693 38.47458429
5.22679920 23.46010224
13.58144184 30.68296344
41.47634577 18.35443331
20.83542423 39.52712387
47.98466684 55.41818861
54.54535293 48.32119188
21.68176383 2.51928244
55.19648718 9.19024831
59.67515302 9.94676977
9.86559040 37.36646684
20.30191328 27.30451433
57.67853554 17.58549622
3.61521019 19.55024770
44.84434602 54.13228367
18.86785319 25.89145642
16.70852489 41.28010199
33.82321699 48.10254771
29.58924562 21.77727007
19.75262550 53.10600393
48.91865477 53.85772335
26.96683496 0.01722330
31.93969840 17.81504208
33.15760980 40.38754343
37.36890517 30.07716101
59.98374966 8.10081979
0.81152423 48.46490086
0.20080616 20.98983338
31.60200769 25.48002787
24.93528104 40.18460924
44.42220828 11.07692961
30.55421453 45.77156140
22.02435924 56.40170790
48.55728720 36.56563726
18.95727043 16.94950348
45.84686874 4.63951012
41.91183878 32.73618341
5.42951494 0.97924039
30.68906194 40.28937381
28.15861267 26.01964607
7.81882068 24.79789399
7.68762573 38.24701275
20.83223185 7.83846216
4.15754641 44.05296029
44.22000575 40.70919001
31.52665136 12.90408045
36.67830581 5.67049233
6.94419672 46.18400978
46.57255622 56.32087938
10.60379535 11.01104678
16.55274231 32.17770814
43.59577152 37.09555392
35.14475259 5.06257749
15.67413657 13.68352751
27.05945449 15.81371457
42.50079990 41.51512944
6.94147705 58.13790211
21.36445957 3.91198830
32.46640931 53.22711969
16.40727293 36.05364664
46.03870603 9.16007477
5.14311778 32.59690772
38.52311391 34.07002883
57.86687476 4.75537780
53.53722306 33.72701393
0.63130459 19.29812465
39.65009675 10.58448218
26.16371132 38.65300293
10.54161331 35.75355164
7.19349929 6.29047864
3.56991081 46.62789312
30.97392971 33.47225345
48.34063913 3.02846701
17.09689731 17.59711135
55.27471193 21.69778253
2.20175457 45.00799207
9.56460885 26.14819102
31.88707215 8.60907739
38.98669282 12.28980062
36.24439439 49.13489828
44.64858953 38.75138922
42.22483626 59.72105080
1.83259531 33.05958269
1.06017414 11.34320454
13.86944197 28.37736970
16.42335733 22.60494898
6.13209106 56.59122887
32.67867383 50.28194182
7.11537582 22.60878274
11.12471630 23.33259735
5.34578956 11.45775942
43.57550698 2.36513417
33.19501050 34.38670559
16.91744014 25.14987709
11.04654939 20.04698804
16.51425821 0.09986958
42.18821460 26.19460876
6.89271928 59.95221356
36.27628847 19.27523881
15.50186358 8.91816409
23.88744133 28.36117232
40.28673143 33.31072782
20.98936015 33.34896963
43.06481257 56.87086701
22.11464311 54.42568545
12.17535622 46.64848581
31.11803824 17.24177339
40.17631378 35.06897860
53.65546021 20.45000432
33.43855435 5.15399535
15.11587129 45.57732509
22.78428495 37.51422235
12.99585510 15.66056462
47.26240986 38.74942567
30.37134769 13.53125566
7.77025656 44.47154945
30.50340386 49.65057052
25.89011844 57.57133231
12.93179302 18.16813106
55.45260387 17.46573097
0.83858771 25.91044565
8.74631374 52.07491191
17.03047764 58.26780991
1.12169995 1.62590574
55.55444889 19.65642780
51.08726574 33.05636806
14.60300145 0.61882028
17.79492923 21.16074012
33.42400852 10.73329709
27.82919230 35.74203190
23.95938876 53.23768889
50.54279131 53.37703151
36.06270904 34.95095764
36.81542511 23.10633278
37.33138263 43.34109434
35.55848579 8.33223263
28.54932392 2.83902587
26.10975362 48.67894845
26.25306979 20.76730060
5.81259555 3.05004261
52.12305857 49.04232365
11.90532947 26.98873347
41.25542332 3.16823882
22.12979634 39.07850295
52.08189847 9.64800658
14.34638264 38.65493794
7.17140027 55.21300249
22.18454022 40.91828820
50.74701130 8.58488720
46.84417683 27.17810335
45.32722105 30.28243146
19.59107409 35.35701234
14.12891050 10.41965440
58.09366412 45.11957041
41.53597385 57.92521329
20.33064504 5.21203297
55.50412725 7.51415074
22.85030092 17.92491017
34.29159907 25.65850520
21.67055826 46.56004823
44.24890170 26.58402345
20.03510617 57.33019730
38.66046691 2.49725330
45.29292022 58.92727196
28.76102262 14.10325335
3.29946662 6.19998618
15.45422507 17.23551890
44.92866015 47.38835639
6.48100611 4.53110897
17.97047682 33.39346790
53.76045020 6.73919384
24.72346088 42.15330591
17.17783612 28.76722413
41.82316475 24.27511637
43.57057224 32.23384934
56.35342913 44.28862473
13.13541509 11.23144178
43.27530929 9.81617089
42.48590714 21.03600346
11.19849358 42.04531097
8.52987660 23.91185789
16.64280499 42.97115439
25.37126465 4.90803092
58.28477988 23.97100468
15.32530817 3.49312865
19.49215415 59.16396207
15.04422836 6.35688352
17.95754522 5.45628991
42.57720632 5.81473554
24.10491556 30.66470808
18.43556590 0.54378676
56.60376712 13.58613178
44.61082929 51.02727849
54.57122232 45.95433073
40.64149308 42.11318878
38.48015956 27.85024956
54.25122852 3.57306785
52.22873679 3.33456617
29.77969330 5.66853357
38.70672593 31.50230262
55.43739988 23.06928177
51.95514825 21.80998558
9.35649217 44.98311182
44.27684507 35.29007091
38.50342215 35.53069184
38.02607331 25.03084164
1.86460481 20.40185447
58.22903641 12.72520850
57.00232642 34.63976232
3.57991167 36.23413537
29.78697411 15.82536836
39.30654491 4.61849670
14.26720942 32.50399546
43.68688870 49.02133545
31.56857517 5.00863044
25.16326545 0.98556944
33.81505792 28.55309810
35.19012573 33.15121095
24.10375845 34.64282310
0.71449859 5.22285455
39.53750550 27.00256256
32.34108944 22.14623444
10.66520421 39.13715576
58.91925054 58.99478191
31.80830817 23.98225042
45.33765735 31.93087849
21.37850144 29.55002994
3.74213133 13.11937457
18.31249164 54.96440575
21.70191397 58.13788245
42.83763348 39.37110916
58.44224395 21.06341756
15.87962026 30.40251514
25.97775421 50.23980411
6.53857080 34.62266647
53.41788195 17.78661825
32.57445757 19.42387635
34.19817381 8.01354082
5.79602977 21.25904398
15.61787948 33.89941990
50.10603084 55.03278344
57.59922851 43.03216853
18.01886828 56.83811514
53.05750402 5.05400621
10.73596022 1.60975952
3.90877167 57.11515343
35.02051876 6.54752457
35.50996219 29.42794655
34.96907210 10.00138928
21.72777629 9.56171683
2.57389509 42.89729236
39.57435923 56.92374379
10.49958755 51.14744969
28.93059890 53.40370689
26.77826960 2.08638187
17.03266543 7.24004295
16.79770498 2.02359601
15.87022963 18.84526607
11.20760938 53.75722812
18.29777922 11.62282945
45.74458267 18.91149393
11.30186811 47.78453240
48.00501886 6.86050134
33.86214553 53.56046902
46.95487907 50.54209165
7.93983481 47.79395429
13.77477906 13.87517989
13.21165927 55.71431197
33.63902347 42.17041113
2.37054819 23.95204897
41.96361585 37.64947685
21.01594245 37.71323883
12.38006384 28.58540108
4.90622087 29.07795690
21.26402417 12.97605748
0.14802282 30.48881360
28.35106851 18.21968736
47.59443561 28.30144308
24.05238424 36.36829614
21.04102839 41.17142449
44.93286912 56.93725595
28.65993137 30.45571023
59.88966538 4.71058658
37.29262363 32.62162979
40.61927292 31.64044996
57.01228316 22.37079437
55.41631739 33.08277958
5.41484589 47.31372062
34.50943714 37.33672477
31.56475722 6.70978138
49.98597699 50.48818710
6.51223918 20.61923386
54.56356162 7.26073576
0.77266688 36.67702111
41.56267569 31.82068607
25.26082437 48.17279748
31.85908120 54.03198953
22.19617928 55.43069862
31.03942357 19.72253459
2.28298048 32.19703909
4.66113800 16.17871076
26.52912284 16.95814082
44.48381741 41.63881678
6.99920116 57.17797153
38.01168305 30.80179658
7.03550698 16.58787765
20.28319806 38.70714496
15.80534117 2.62623755
50.25828185 52.44238066
51.52811442 22.67491951
9.95079633 11.82012692
40.95174152 39.23803358
35.95068145 32.52572750
33.66762108 54.74064729
25.26672307 44.07956356
45.97126461 52.44363950
50.94109590 7.66467936
10.57160418 52.13076462
7.42961998 37.32181779
12.99130769 57.86677134
9.67440052 50.64321509
34.10871071 24.67494220
40.36671410 5.30908115
8.05919104 23.01432084
7.90848768 51.57957234
23.83511691 1.57823631
10.48920559 6.90555019
47.92781285 37.32101465
43.62886356 50.99967979
32.71599457 21.08819167
12.26481375 16.28039766
4.62967111 0.44488690
5.01599101 26.49772165
53.07187167 49.15805572
48.36968441 5.93764422
17.86507543 1.34657775
17.94292986 47.45917587
27.39747575 36.61895151
19.56598470 26.66858402
32.88557360 28.27265100
44.16153767 50.15638518
11.45951396 28.88622280
6.12220484 57.57971541
24.08534336 31.65963966
0.19073411 47.72754975
21.24703276 38.67845107
55.10415145 4.06767592
54.49602076 23.51092605
5.01532757 54.12008257
16.62062975 13.61630451
20.75275993 57.98159242
16.12000236 47.21924151
13.99009143 15.71285941
45.50493422 48.18698945
56.10177376 10.57988510
45.05042143 18.20343976
13.98347978 55.12721815
23.48356730 49.62738378
1.20470085 32.34266768
29.99508454 51.72205278
37.13595138 18.82769998
42.49302771 57.65869780
58.90036363 26.26040981
26.02439416 2.67004308
47.01668080 55.45750671
17.48341285 0.28199236
11.48783616 42.97029826
16.66636261 1.06065855
32.24597239 23.13373489
15.72557115 41.26163174
25.41409671 21.28088030
0.61008368 7.37487004
2.55788527 17.41418436
20.90244383 30.38310480
44.53704404 13.00697182
20.60247116 32.44579197
27.73594454 58.18612430
1.09914840 0.65799646
39.91607068 41.45566265
40.49311806 35.98223698
21.33553913 1.61215706
4.87894718 12.58967321
29.61140700 8.38766271
36.78833400 48.32217958
51.92425335 2.40034819
2.78299199 20.08813716
57.04516223 4.21320000
41.80197442 40.82454709
46.99273466 9.42535052
34.00104259 9.89067357
24.33736703 58.01198939
35.97532713 51.97079425
45.47575126 32.87430968
32.00199560 5.86243826
46.51054184 48.85053336
50.40804380 42.57652594
6.38682468 1.04455514
51.47772996 48.34809032
46.51785766 39.40796176
2.29318073 15.51400619
28.47151606 54.26347293
9.31520872 27.09981041
43.37180713 19.00798645
42.79651756 7.83223508
46.55489594 2.68155592
14.29026997 6.96601908
27.58053327 2.64902726
19.42760788 56.59694343
51.34176963 32.13801029
42.51202709 10.50781982
38.01366487 0.25762384
42.76541228 40.56715333
18.73594068 41.14144161
37.00511701 33.54523416
47.43881904 29.27577551
18.51667955 15.03733962
52.91681239 16.93779627
21.11215400 28.61894218
39.70171508 42.41457729
46.06194931 50.91381828
44.19409354 10.12439100
3.56834168 7.12790284
34.78449791 48.29100420
29.09132962 26.32718539
38.03801227 16.33063913
42.87153624 32.96559261
5.60699817 29.75034455
38.07653588 51.22045254
32.90417185 17.89500197
0.61036015 2.44827590
25.94069082 1.55696131
5.02727291 44.48733616
7.70042575 54.38346074
46.32704790 34.91996281
0.51645659 8.89107228
24.70498628 37.07938844
25.17601281 38.64667390
9.71871330 44.08827885
45.20554285 35.05997980
43.13926024 1.48905676
41.44800070 11.12749032
39.40275041 55.98943544
22.67832808 58.27088068
53.59317046 21.43463648
23.09302518 36.58697286
0.85432585 20.24713282
20.47464248 21.70020260
43.08687952 6.83860799
49.14597552 50.00180549
55.27661799 6.56843630
18.38650529 29.43919535
46.32198768 12.57362085
42.14199380 56.64577320
54.52857721 21.04893870
28.62006846 50.32693595
39.36974318 5.60515719
36.65216267 44.06652521
46.29215381 10.12446613
57.75569073 21.75476904
12.29133904 47.61985390
55.09785878 5.60134956
12.29048802 55.37600464
29.54342839 1.93254712
17.46319685 29.78558863
18.77335950 39.85785234
44.31328275 46.59929099
31.10542348 51.34401486
45.16079170 26.86732716
58.23680957 5.66260843
7.44339314 0.74474921
52.82470193 19.94756849
48.53230609 51.71375435
19.73317899 22.37619436
10.24327352 23.77970826
41.57634488 4.11284505
6.23146461 28.89287003
21.42181523 47.49144616
28.63563420 35.20525574
22.29268760 29.25721450
3.84271710 52.30808619
7.27545973 45.28360161
45.53783035 33.92824034
55.80791096 8.40836137
19.67438173 30.73371458
6.67737010 21.71759014
47.46067514 26.39633196
35.03282287 7.52943970
58.36247654 24.95644700
17.35999689 40.57066674
31.19338902 4.15187240
32.28771351 40.80243550
48.36005916 28.92666825
1.35255127 26.71221375
22.90561584 38.49858917
42.96936797 47.62329098
57.15958107 42.18850747
50.02006921 49.53420200
56.74669295 17.25034234
33.60218061 43.11288863
25.02760044 18.75394852
48.57733341 34.86865483
8.19737537 39.05763978
56.22981084 15.86456834
59.15755750 24.39388319
41.62399728 36.72611972
41.82336784 58.82524557
47.62826405 12.99916802
19.33566812 0.11131520
49.17120996 54.79580620
15.21251921 35.65069872
27.88293363 19.07108708
4.52474105 55.12675960
2.40887845 43.84694662
48.77970226 46.75106602
10.50856383 26.31143974
19.15211549 28.82438247
20.21746186 29.59808276
14.83592421 4.31572851
58.19320987 20.13194333
59.74135045 19.61421683
20.45739484 6.92345841
41.34725667 9.23558737
5.80860117 40.24774964
50.86709400 50.84705628
7.82755357 21.87454300
36.54616940 20.20901642
1.67086241 23.08651547
12.12517691 34.77568212
5.72071084 1.93963994
4.66315832 47.93622041
46.42291496 19.58856954
26.92422576 14.84161613
2.10690764 48.84775013
56.91118174 31.35303806
16.10025686 58.03735768
6.01629270 14.96353209
50.67419316 41.53610631
11.44080450 20.94401844
41.57484237 41.79733685
1.48962590 4.73416181
41.83082569 48.88149791
20.02191840 33.44538659
16.90864689 20.78249267
17.80059368 18.24390253
21.03789605 44.01876571
41.46141194 26.80750986
22.52435015 1.40740285
37.13635211 49.54340846
21.83425980 32.84097533
44.20461831 14.12563440
34.79040160 34.03535350
30.05797971 28.27847193
15.12697580 20.84630401
18.45324511 26.79669145
6.72071822 38.04349479
13.46779149 14.80345796
43.81979822 33.18031707
30.22256816 50.71140666
5.84480810 22.24344529
38.27957569 50.01482590
43.56399830 3.32732234
17.05692168 32.99987183
4.55305359 41.30007681
46.29138027 32.01593883
18.41619224 7.38406924
57.96742947 34.73379510
30.70005399 5.42269107
38.12871683 29.45105061
29.58476573 49.98424304
19.36441912 5.19620649
51.08018208 24.47947987
0.27495898 43.25544943
58.59799308 0.93212400
34.43898204 52.07840436
15.46188592 14.63445220
16.49948729 19.60753059
40.86589596 45.95567394
19.20441017 55.34525843
29.51658322 6.58344510
51.86604442 38.95191486
59.42666001 7.31685077
25.93409870 54.86749668
38.09870443 24.04754373
35.87642723 22.85000718
1.51352028 44.34874407
23.03431429 54.80225320
2.11116362 14.50659122
56.96132855 6.14174872
30.60376123 16.41082610
52.11459911 5.19672380
17.14454030 46.66087993
11.08309747 24.29992388
47.55457698 56.28923955
34.73908162 8.82909841
5.18566823 27.47578030
46.99379248 57.19451557
13.18201433 10.23842536
21.32324864 45.04263966
46.64968800 40.57898013
17.87444769 25.74439772
38.23353065 47.29319754
11.23893002 38.29780578
18.79903750 57.45894955
5.46208483 53.23484662
28.41906635 31.40234333
22.62274369 50.11626361
20.29681464 15.63797007
8.66779103 53.07954973
1.96152795 54.25540019
56.64087939 3.20154539
15.54473590 0.11269902
56.21436358 18.10884984
50.12374436 55.99175449
39.47362235 23.63939487
0.18604109 18.43605915
25.66355371 39.51349465
2.91990154 57.19329983
24.56289907 35.52699224
6.18348938 23.17937650
21.42144643 57.19422452
40.65967691 49.87107225
39.99273079 9.67120327
17.97299536 17.15011146
26.03519633 0.35953270
20.28057677 54.91548003
22.97481937 53.80859772
46.29662350 49.83321822
6.25068462 55.60582813
5.94085688 24.14707173
42.21531879 27.76602138
16.83824635 59.19453658
42.59374924 32.04051194
8.33288211 49.20645526
25.07047588 34.53615943
7.92913562 41.62154348
6.98875916 47.54225329
34.31957205 17.49167220
33.76863735 32.77780273
7.03382242 38.98236691
53.65244809 30.84347562
21.12015397 8.77468152
52.61917511 33.44984159
24.92040216 19.99311415
32.32595964 24.79412321
17.71355713 20.18885561
43.74104955 25.76900591
54.84073229 8.26141235
13.49894822 12.94223917
47.71183195 51.13604113
11.43091620 25.24246243
13.57067859 18.91517639
38.09602247 17.56250421
34.45920973 47.36032957
58.49333724 43.42821638
31.91295383 20.17892443
56.84064970 30.29038035
55.61794965 13.68320035
57.13530339 44.88010119
54.69329166 22.48282012
36.88856540 21.89098360
42.21769040 33.67983986
20.48262636 59.09336436
42.27974045 38.57821692
22.40742051 57.31925618
24.56557982 41.16722223
1.41789840 24.04929174
52.98806049 9.32198152
43.61083208 56.10228217
26.37451040 45.40512496
51.71764493 26.54866129
38.49367060 32.44125578
9.29559594 23.31920224
34.87761256 50.81395002
18.62119600 21.63519484
40.86901950 25.62230769
50.52131779 5.83199206
57.17556559 35.62693132
34.27144984 4.71528325
13.93388362 31.59043021
4.82532169 21.26922525
38.14490647 20.98443599
43.48772249 31.28113029
58.73784610 59.94496612
6.38917130 54.64198245
28.66523425 22.04623983
5.91252047 44.93638427
48.34465953 7.77020394
45.53015010 59.85050152
43.24522920 59.78722997
26.00159002 37.67726518
4.30514094 46.00799830
34.23905466 29.66851041
12.51160445 56.37297671
12.80364386 26.57936439
44.57354930 53.18591818
27.77342669 53.53953795
10.30488025 45.14575406
5.59009469 48.28915204
43.98989604 57.16417797
4.35417790 18.92302886
5.54696638 20.22715841
44.49523973 25.12926029
16.55199058 51.52962027
47.45473851 5.62524922
3.49311621 58.00922488
17.16257537 42.13519258
29.01674113 28.67205203
9.38195755 49.45859732
34.56002090 54.19938194
9.71781290 10.62298852
39.41690425 27.97446754
34.38417256 10.79081512
14.78203201 34.33514327
11.54754993 1.04200214
58.41563098 31.35405992
30.87275878 53.19523604
16.43963724 9.18841826
5.18796183 24.85539421
45.18438650 40.85154679
49.44243382 12.92351884
21.25898840 55.77186084
18.40907413 55.94645340
0.03370461 11.94520800
9.28959833 38.17621394
23.98086780 39.98719699
2.85157957 45.71627730
38.01631107 12.39212828
0.98656242 12.31172790
22.23357591 19.50298163
3.98397548 12.18412880
2.91947842 27.51210653
22.56934200 0.14080519
14.04852503 29.34737946
11.63378425 2.03500988
44.51643790 48.28778993
23.78928179 20.20344188
28.28971293 52.68387625
0.93110996 33.46549070
7.67335629 46.82934374
5.69594918 58.49161188
28.22097468 3.76247986
36.05871968 4.91191532
16.58698191 23.57713360
26.13945967 47.68580843
4.99793285 52.36454812
11.66212901 39.18445612
12.30918716 25.70252274
20.30170069 4.21622608
8.16206547 18.75349573
32.53215984 49.31798990
1.27132060 18.56570768
51.13084019 9.49311741
33.20752123 29.30620560
30.53669315 21.56627233
18.05004067 45.02343415
40.84415058 41.13215624
27.47377024 34.85698260
1.77671542 42.36973308
3.31275072 25.18504562
49.23967800 32.37119492
56.44730642 14.56922492
32.93954931 35.32317003
5.47916428 50.19327183
4.50572819 46.95987477
44.92929340 3.36175265
34.80180760 44.15903453
47.33404164 14.19820058
14.44818392 14.60186790
59.36951756 1.55321343
26.66159255 59.11224675
20.82340947 42.12493049
49.08793143 2.36113825
37.53321752 20.07448729
31.35100012 39.55635341
13.61147877 57.07673249
8.14738096 55.25468523
50.92433665 40.58553897
7.29839013 23.61441914
43.48771670 10.81098144
33.76634555 41.18277176
32.48997793 10.57847402
10.27726399 54.00538131
7.29746404 48.50583710
49.43080949 48.20591484
15.29686786 29.64739483
15.84214014 50.27520943
2.23671594 21.27646204
56.08537170 12.75641170
10.84573921 14.56473200
40.43792600 43.07490369
43.43492567 34.83830401
40.62031187 10.45164442
52.99191644 7.33195017
42.91649007 35.95764186
16.37309608 16.96802584
33.32409487 52.75270249
17.69730586 54.22830858
2.71754871 41.92342242
25.15584953 56.94592454
57.27727636 23.31280674
24.08922422 29.34020480
21.18363912 15.11886711
1.93581189 27.49737562
59.39216723 42.76355227
14.09177663 56.11656958
56.18832013 35.16440415
8.41045708 45.19036048
59.04572815 45.35760872
22.12031698 20.95124322
52.80106196 11.98354054
29.48899579 13.11495946
43.98378115 23.94333541
21.22124071 27.03513253
0.48576197 49.35474561
57.40696743 14.42281503
39.26125690 34.71189998
2.10927172 33.98484651
55.97281812 0.41415875
11.20797733 50.47866054
29.81602865 39.84473070
44.43158962 12.03352166
8.18050353 34.16148715
20.07277679 41.31357296
55.49654902 49.52218172
57.28157761 43.93088244
14.88083828 9.79427317
36.49594567 50.28085664
36.89525426 6.60759866
44.86704982 51.95629067
54.20218411 2.61202220
13.15221930 46.55042323
20.01092095 28.21335676
0.05362622 5.86628710
7.55813473 52.79895073
51.73416425 8.72492148
10.93115418 11.94833645
41.56980694 17.41416334
45.78987819 5.61197847
33.58967960 8.73228394
23.56489534 59.85140477
8.68313347 25.25637480
44.66366960 55.97613932
30.85887933 7.39319311
4.42356787 49.01923165
42.72068902 28.88115720
19.90756716 8.20008323
51.13684018 37.41223223
47.84085261 50.15534229
24.99240691 31.08474351
21.20357832 31.40987363
23.29216009 15.40531823
31.84206450 18.74678605
57.52179437 16.19733817
3.00684347 21.90628156
48.60913662 52.96402885
23.24360202 19.39633308
0.19053967 25.16981839
35.68988598 10.62655932
48.25916698 22.30027056
35.03423252 32.18058120
22.97379535 52.77365694
58.67265092 11.84941997
49.21699551 37.67270699
7.37415041 35.12650870
45.28291017 11.54284409
49.28744978 3.33182746
51.98044629 37.95823774
58.36032975 46.06562644
20.33885110 11.93056506
12.72149612 36.16827432
23.66989053 18.49009099
33.78015494 16.20654821
35.71593143 5.86607717
37.70368979 27.30863693
24.69299839 45.16319292
10.94091914 22.41219575
7.84525335 59.83364408
58.23135703 23.01861254
32.51369496 4.95071575
3.41832484 47.59953346
44.51338363 58.35628675
1.58231653 19.49908833
21.33665152 12.00093596
52.57360590 10.46223951
20.40701210 36.96857496
41.37862658 42.76029580
22.37663622 39.99044759
27.62070701 4.87094346
33.38336279 6.12282952
44.02963252 37.96815357
51.42935312 18.69809172
51.70483401 59.83172429
21.48167967 21.96780170
48.69901138 21.40769799
12.19730843 29.56148926
3.36132977 43.49212266
55.61498246 20.64058572
45.76146633 13.37546956
5.21634140 56.96518166
34.05578415 27.61592412
15.67573190 42.98268567
34.58556853 42.02159182
40.12822414 57.70622563
38.87872864 18.81276990
22.68519811 16.56193422
14.57487300 16.87562017
25.27484943 58.34017223
46.19870877 36.66829675
21.44160389 40.28890225
9.95225458 13.65836361
20.56140666 23.45535319
40.93938419 32.57231136
42.80601783 58.92211401
14.00245704 23.29477562
42.81438665 25.42329293
23.70242772 33.73827135
32.15182758 38.70616216
40.55683804 52.08261830
7.24910168 3.96666168
33.89470991 50.71235379
58.67948356 30.33976275
57.47445636 24.50647328
17.43137491 22.95033598
9.69424035 15.74578418
6.27813756 49.44743715
44.93896263 4.93830387
18.98497452 3.30238781
4.72427197 1.63534183
15.59055332 32.23449182
52.87051037 6.31854125
31.30338390 9.39147765
46.80030736 4.76312951
4.82645609 2.96175535
42.88884341 42.38962848
28.79324493 41.34497211
58.78423643 58.06175914
16.41836209 7.99780712
52.57245567 21.07651977
12.65450411 27.66057018
35.34187958 27.55341491
48.32480775 45.69379435
51.01517558 21.55014556
22.14077655 8.70176480
3.33392149 3.71262522
4.24338154 5.99674319
27.40018257 18.02386848
37.64204815 5.71954203
8.89963781 37.26604606
41.77044091 54.87639091
58.54197220 6.74295724
18.86519094 54.15529799
49.63434041 21.11698251
19.94379063 10.86088672
20.53644258 19.65357145
0.14120634 10.81800903
49.44841962 44.98934188
48.22859658 54.49075758
55.44090622 44.60371697
20.46314897 40.41277224
53.33409031 34.68640363
59.47409326 47.05132718
18.59620959 19.73002490
19.87431623 39.63308563
36.95298142 35.34680463
26.10937611 15.46136173
50.59327231 14.99721793
18.64940518 18.75038408
26.37504964 55.85527516
25.70354661 42.15481911
6.54787208 59.04946246
3.40026058 26.66646355
12.81361788 14.06146464
36.80237860 51.19979738
21.84413516 37.15957070
12.19432226 10.93699128
30.62814501 25.51242406
17.51165965 55.51373290
29.54836782 14.73813633
59.52677431 8.97432789
40.97064684 23.88016267
45.47151760 1.70473396
46.53082430 42.58228666
52.63038163 18.32389290
28.56438943 1.88308742
30.27473775 38.15416388
13.16269371 29.81051327
45.83288254 31.09855942
14.83133832 28.21557102
38.80504547 11.08461682
39.66850294 31.45313069
2.98764138 12.47718498
36.36493179 43.12214404
34.11937173 49.02437361
7.52256663 58.89715790
23.60050200 58.63913469
2.41816140 5.86348614
29.51007329 4.75416103
10.67015127 36.81815928
22.57684382 10.10662868
15.10089805 18.13799028
1.85059963 25.87180183
20.89502844 53.28861503
45.07519454 29.34947754
9.29350184 22.03328834
36.02489745 7.48379963
16.89407511 18.63956356
0.59904769 21.88423989
15.31672057 44.60272622
32.70366368 51.32455825
22.09026115 45.66506183
55.55246200 23.99897665
31.68546840 42.77414958
11.88110817 48.57669179
0.05804273 44.46195998
7.21837246 43.73173803
18.87051072 51.25076655
3.71633170 20.52370753
58.98433632 28.84838149
0.26880152 1.16297867
58.21634875 42.29825653
57.08772899 56.33052927
34.18150252 7.05266133
32.99819175 54.00291138
35.53651095 50.08914516
15.11602077 31.01903290
1.29345659 25.05966064
59.89073615 26.10531535
45.89890212 57.05185569
14.50835388 3.00824142
35.02348246 26.33066530
40.60859475 34.23099270
40.95825714 28.18530623
18.51793246 34.20112509
59.33912421 20.52092502
35.42360263 18.83149031
4.43947399 28.11105029
41.95417037 39.77281513
41.24376470 59.62593285
17.12988441 4.89553946
21.24642169 4.89882526
51.49974891 53.31315038
52.50242162 4.25879993
42.04053651 44.93196054
27.19570730 56.46497824
42.33995316 9.54559714
34.45507972 5.74468959
46.84271266 35.84357310
41.27749755 55.80789786
42.60951145 36.89779085
35.37166063 16.15951303
28.94156072 7.40182628
37.72492872 2.80534108
14.49517052 41.48447947
50.95226755 39.32792817
29.59263142 0.67214338
28.51162389 38.61886371
27.83576951 0.42742361
17.42111478 48.49982624
28.93440639 51.92143002
58.73263983 44.38853533
5.94767529 0.15496859
33.48398741 47.19371735
49.58331755 53.16671932
8.73975500 14.65296349
21.74935980 41.79727242
54.36378521 33.18608762
23.73294789 37.32710326
42.93269279 37.81897346
25.52995180 40.95299123
22.01333350 38.11068860
54.51663486 19.97552533
36.45104428 8.66935590
56.20784648 6.85258633
15.59537440 36.61873019
30.02211107 20.73877895
29.43690444 58.29821636
2.76551715 19.09450073
42.79798779 48.60736436
44.52347913 32.47368526
2.87827839 40.94614485
44.35937502 30.23780132
53.20427448 3.55810225
44.93388127 36.01229705
5.34450148 55.97502518
44.55651181 2.43449192
39.42248525 33.72457485
14.69890388 13.57332118
31.81210007 7.63370170
35.62278557 9.29664793
53.59022346 46.08513754
58.41516291 16.93716132
35.19332015 25.27661715
23.81230481 52.24269891
35.92681807 28.53383625
17.74992634 6.56605769
42.37509097 46.83370305
16.48638040 29.64724883
33.93859058 39.84862757
56.62076715 43.20340910
3.18512934 18.18546605
42.48245653 34.62970076
27.70282392 17.01392533
40.10823797 40.09174541
44.10893150 1.52945461
20.66514002 9.65434365
2.80102306 33.09512851
31.29869059 14.67313220
38.68214122 53.27633122
59.66282350 59.60618262
52.99682880 50.68655244
7.34763512 27.44570218
54.82980013 10.08320104
45.29225462 46.48404274
39.58321169 21.70586254
8.01474169 42.58847155
39.65841888 11.56740239
16.73618643 26.18893186
43.37667583 20.49390371
1.19670972 6.05768604
21.79110053 14.05717131
32.71163053 8.04202103
18.52482174 59.56610891
4.23084132 45.02855664
2.80937336 13.44854346
24.76672181 50.59250267
35.41619324 30.64563136
15.50983244 16.25642008
31.07362417 24.61620452
47.74139198 39.67105109
37.97265311 33.30727862
27.62293053 1.60767424
52.18373503 24.57209045
37.76881985 31.76768221
27.23831501 7.70338556
21.83705245 33.83484957
38.09504937 36.38411318
34.74724194 28.82406718
41.44839811 47.20241101
32.42225653 33.77769629
42.35480874 22.00745702
13.33931497 33.68105901
39.97197693 32.39548346
16.15916787 17.93132703
41.10959491 57.08234104
5.97749842 45.92381677
13.51944521 58.85464819
2.61564177 46.76183480
31.30182208 41.04403385
16.24400319 3.72516747
32.04901682 16.87918299
30.60733393 6.43379350
36.68916754 31.86362425
33.29428923 21.98881175
22.69139395 11.49733580
50.14714278 9.32441803
21.99763010 18.37696314
19.71259794 58.22928244
4.53517484 19.88406706
31.77033017 50.58012997
5.43380793 3.95082362
4.51305401 24.12933442
11.51288147 35.75227077
19.23911388 1.08906734
23.84160288 42.51374771
50.10752075 35.90846717
45.16851743 10.46411460
5.95705051 42.52784132
26.97318707 37.55536796
15.53215468 12.72332128
28.54002411 36.38033613
26.86434158 57.49221001
31.75780022 52.58316301
15.09899430 33.08663010
17.55906431 43.22833117
44.83865862 31.12149952
19.20120932 20.53294548
57.42742562 33.76851379
54.19397746 17.22392623
26.83912712 35.81785490
47.61567686 4.18308475
28.55037713 39.67481010
12.01086318 53.25399958
33.51375805 49.80325557
1.64511589 50.33172383
14.78448975 57.53939777
53.69496148 5.77132438
4.47145342 22.24689508
57.15470353 10.69447810
8.87316184 47.65835388
19.07433041 15.96821886
17.85946283 37.92981178
16.57911845 43.92437418
19.09123939 14.17760765
10.98661136 40.03975412
28.61104457 57.72727866
9.73533160 31.13879250
15.99807651 34.78567483
8.60727202 26.28286140
6.25534737 46.86477566
49.08884444 6.91557617
17.05374857 5.87687388
43.44760070 41.28897623
41.03233089 37.87747884
27.24272662 41.79133265
44.63062271 49.26458085
20.64301863 56.57425186
35.47814321 37.17823454
42.78544895 45.93487265
31.46735652 49.61880835
58.12896097 29.51872151
45.48854820 39.20468601
43.95252596 36.20671185
1.75817253 2.34058740
56.77535599 38.71001339
59.75302250 31.38498099
5.02885495 31.61396859
3.30863683 24.05655338
44.22039157 59.82435098
49.85948403 34.77330955
51.01815725 55.30927729
7.24612227 25.57451596
32.86640179 41.60387005
13.10434666 17.18721862
57.40552820 45.82502104
59.32664544 21.48901259
30.47579177 39.10871594
26.82874305 0.98704343
36.43343015 29.75898203
3.46210803 49.33314569
39.44434282 35.68375037
25.67955199 51.17464945
13.13989896 45.26944243
50.60273178 20.21177644
32.49743711 9.36600040
36.64279236 30.73267115
28.99080080 20.98757987
17.48188105 31.94424873
44.25581932 34.29121205
33.36233151 25.36568969
26.68189603 52.42346359
21.43343819 20.09097308
49.30465989 41.53000712
49.39303701 39.58536083
43.94625028 47.49547309
8.70643140 44.25686896
58.40285031 53.40220018
36.36661748 18.17850367
47.25968485 54.36714863
14.24449989 51.50607245
44.77298037 19.13703001
50.79918012 54.32335992
42.95157656 13.50104397
17.86721855 57.80423013
48.25112397 38.81849525
29.75198268 52.86798928
35.84759796 33.98894586
45.87061851 3.67611195
4.14390787 26.03595726
56.02948881 22.30876318
15.43122474 19.69344681
31.63313848 21.46191585
30.73321278 12.34122829
55.82157519 4.91713107
16.56712744 33.85402989
30.92557793 41.96484766
5.85284012 12.30252815
1.57275818 47.89335910
41.15950801 35.24609259
46.69173428 18.62821886
39.96923349 48.08164859
16.17369935 42.12862728
31.38955340 59.05511790
3.57422507 15.63202106
29.19538685 3.55739431
45.64219296 56.10652663
31.66525860 32.77711154
29.27778868 18.40495268
18.88923035 8.82965512
51.48822258 51.70759386
2.65138875 23.00400519
37.19352480 29.11529338
25.52548480 36.33901135
54.36004335 49.30857320
20.54125758 18.56574916
50.17095823 38.72689542
5.11050559 18.28593766
11.38211203 51.56293338
3.29337287 44.50216376
40.12330630 4.08251794
56.25290074 33.96112925
32.87784939 47.99727456
57.96461899 58.82676696
0.69407445 10.00967623
31.01709866 23.44705451
10.46253664 27.35407032
22.73275923 41.68551649
56.77939831 5.16536859
42.78333604 24.26846471
23.46074310 17.16964180
16.32424345 40.38118561
21.97491627 43.69748328
49.85634249 54.08815920
17.05004344 57.27564493
53.97166574 45.16192284
43.48590691 8.85805081
5.68326779 5.10433873
33.19167985 0.90195692
46.10414837 29.72774477
43.71206806 38.95839903
38.94822906 9.88422635
54.47136744 55.28839474
45.90763301 47.27718705
27.29454370 39.53813000
51.27987730 3.19541909
3.96002230 9.75905993
1.24850513 21.15119189
14.60100122 59.62655845
41.84322617 25.26634477
20.23237706 20.73261850
10.10623254 30.18946172
54.40805274 34.17007341
3.48396311 42.51470687
10.26088696 38.25482480
24.24956604 0.66960388
27.89890473 59.42708222
56.17257521 9.31625249
55.51523353 48.42014532
4.44792138 43.14001222
52.89347569 2.62033934
42.70952985 0.59036259
16.35686656 48.34581927
58.99715955 5.03673936
31.15187580 10.92391783
27.14597555 43.21785586
24.67779256 12.28278927
16.00250786 25.52087500
1.98614502 1.18353216
35.95318854 3.04201543
16.09479254 21.44557705
28.17262938 51.29010274
20.23742630 13.08674252
1.54311551 17.60987653
18.96692578 52.52040477
51.52777769 33.91686321
51.48737229 49.77465141
55.41115443 18.69208257
22.64892882 46.52492933
48.00288565 2.11701731
24.91452604 59.87847521
7.26317925 7.26075744
9.78659916 36.38429593
39.00566290 30.58817444
50.14964669 46.27171947
9.60433297 52.55738621
48.70263548 13.58700754
20.82010290 13.86293748
34.45025298 36.34890038
57.39291337 11.85555779
27.23389936 6.59788591
21.89935260 59.07144005
37.91238092 34.79039445
7.90271366 28.60854487
3.58491458 14.07891580
14.37651208 44.91448983
45.01827780 37.85239583
43.61122851 39.95525162
7.55549019 5.39490016
5.98061118 32.07655053
20.63896718 34.27076120
41.41196656 19.30170123
16.20351127 31.30280557
55.09783875 3.08284218
31.83581873 34.58669400
44.82370296 39.93915974
47.61143783 52.69815734
8.77050858 51.08712036
6.12168662 18.78770135
15.90147110 6.85194462
46.22534666 14.26947447
43.76635815 17.55755405
41.66524883 0.52135310
53.08179077 22.85956044
29.93928694 17.63034834
43.11270192 26.53740386
46.40860013 53.53204766
17.19132005 21.93665687
40.73294168 30.69463339
9.56530847 45.91649225
52.52722927 23.66110112
49.42418203 51.27061651
8.43208970 40.78278633
28.81450201 5.60366990
6.58175926 5.52041708
49.57948464 28.08867998
29.41256803 29.82295435
14.08507225 50.46798408
41.25874167 33.48821463
6.24777697 6.55974193
46.47081347 26.27133606
56.53245224 37.47244617
45.99297524 17.94886733
35.26820985 49.15704441
23.59618294 35.48992672
14.11995983 42.56087664
48.80747904 55.89704805
43.80177686 27.43552539
29.74631068 46.32885994
21.61478709 10.51239837
37.95020537 48.31389925
11.95508634 23.84835273
3.81495993 40.60185496
26.96397094 51.28254056
8.11557718 6.61753489
17.46737850 2.71347258
18.43345291 4.59123091
21.47152875 23.89295522
37.01764199 4.73394681
23.27830400 56.70505176
31.67160538 37.62823020
49.37508604 17.46300705
13.06237467 54.74820780
29.48817610 54.19652911
39.01852012 25.01500040
48.57009247 4.00922765
45.26096095 50.07101620
42.65024694 2.67729869
44.86092593 20.11936292
7.03598107 56.18134512
15.12002202 7.99781370
29.09361306 59.51281700
53.78330378 4.41287430
