38.98384144 44.38699941
22.45786488 12.21448035
59.65803360 53.56221748
20.64315156 25.62613653
17.74240289 58.88552815
20.08305731 30.25104232
49.21521405 39.21727968
25.52250638 31.86634090
28.39393353 49.20565753
1.71753367 26.62462897
45.57812051 43.39924432
52.09201973 59.10427984
34.62862354 42.42407356
5.54599013 17.78199702
40.74301592 35.62159659
27.44075631 57.84177143
27.94500018 8.21271169
23.96928024 59.48715074
31.78732046 50.90692323
16.88791210 51.72301928
50.41003234 24.49931154
51.30140961 11.61877973
14.21100533 57.08091582
2.68797523 3.01381318
41.28288979 37.41273990
28.17150276 43.44116203
41.54497317 11.42549120
29.51748636 0.83636262
6.57498165 57.93390813
24.07297319 37.40621214
22.37272971 22.53603707
51.77854763 44.62400993
56.77147338 58.44936392
39.23572378 13.57241928
59.89092544 29.47360071
6.10362034 44.05896496
30.17126193 43.37582983
27.42269162 46.06791432
58.42612002 14.05303891
28.84537012 11.59237940
15.34119459 46.77809952
45.90624185 27.53898141
33.05439125 4.68329497
32.48079023 48.07155498
22.47343784 17.66911325
5.60116203 46.69422635
27.24137584 42.04604239
50.59985539 37.63511463
40.77222681 28.04410604
9.69604129 42.89767600
0.83606649 37.09375961
16.41513256 13.36674231
53.71492812 54.82242752
44.97569631 54.63595983
51.81746950 3.19810358
4.17181158 19.19609096
21.82644843 25.01713800
24.86440519 29.48166534
17.35164042 49.86874655
41.51620470 33.80545306
28.70198883 20.82268865
36.02918772 23.44041264
11.18445925 38.41094294
39.79306319 55.87063573
19.62327782 6.22254612
18.91293859 26.34593814
46.34183711 5.10177634
43.66921310 43.66106046
46.16595943 19.87334486
1.64032423 20.64413833
54.98019774 48.47077452
30.88174053 14.08321981
56.95975096 10.51019573
19.25319293 17.14480039
12.47117832 7.51848638
8.44732466 41.25745028
29.26491507 9.58301928
1.72276383 46.60365554
14.37443906 38.14110126
55.10203704 37.96973953
58.32479961 26.98798336
33.98410471 58.89749197
37.08501355 42.67872063
4.76256438 26.59658479
37.30259164 28.14644516
23.00024821 46.66554912
48.68439331 35.88127052
1.48149933 24.51276454
8.58428497 24.98799371
45.13482894 2.61381931
30.64278407 10.98201495
30.01953862 25.67847058
35.29513141 53.96407580
3.16960362 25.36993164
17.78855324 33.69357157
25.25743493 45.79642063
36.41509702 11.61826491
50.79650468 6.31998014
14.63279586 16.46646681
33.39547095 28.04405485
27.02215928 27.29341826
18.42049125 0.61774397
44.96536181 41.18915853
51.30105467 50.35247637
24.40221458 17.55645531
56.78471085 57.00317940
25.35629315 42.48391339
16.35202624 32.14798098
33.22934221 24.85942287
52.04198886 27.67768480
57.60796864 1.11987992
16.21319368 45.29117366
10.22133617 56.42379472
3.82134734 38.62118816
44.91293968 29.17097180
46.70431222 53.77879421
19.60967931 53.60344847
46.66906827 15.02443038
21.23979588 14.66500320
31.11071307 9.83603361
43.01013412 7.96806839
0.74741559 17.17362121
43.14269772 37.83100231
23.75072243 1.33511814
8.61793390 14.43178066
45.14113636 6.52874705
13.67960694 35.41411521
56.41189848 49.56239812
29.50709788 41.40845423
1.31861828 28.50713099
14.73496079 44.04287291
3.30664906 56.33027654
25.98118215 2.34958719
15.20216901 14.85367272
15.32662317 42.31474775
26.43367339 48.19532745
27.50023164 25.22114692
37.02687123 54.01283055
23.40063002 19.05447703
30.51751100 50.26282375
20.87528712 18.82535233
57.08760524 23.36214649
19.25585954 40.55634197
9.79308420 5.66200367
58.57522013 50.35076674
45.94344944 17.36611410
33.62071762 22.99249752
58.36027767 28.69282194
4.35299619 54.70434079
13.30134149 42.80135219
4.33074736 42.89239489
31.91507038 42.49891753
37.12199205 51.65324435
51.82398370 13.49822368
37.67694144 56.31064880
39.33651416 50.59464631
37.04342079 16.22015074
0.90406735 41.76641456
11.19299013 45.94748038
17.06322011 9.00163250
52.78343593 43.03006158
12.97968217 18.80867858
28.20858933 23.42320587
43.19617949 55.91207147
15.91211517 38.85563008
34.15781300 39.20474432
57.85060060 25.10056715
11.45654804 40.33161063
41.20457447 18.85638559
23.73063874 35.33502045
46.96343271 55.69635104
50.46577402 46.20289994
15.13187111 4.77946497
49.83343442 10.18655781
47.55258404 9.82952620
6.25690522 35.74090182
16.77199798 25.83668817
59.61707143 18.56850861
3.55214567 21.00865909
43.54194868 59.35283523
23.47652388 25.97273784
15.98480180 40.72378748
29.37161947 46.79787701
26.96649537 36.94554874
24.33717584 44.08101441
47.23834234 45.98669850
29.90204198 55.26963022
38.04943722 21.35994940
25.59502547 33.09452480
40.18022695 29.62202583
54.24606818 5.95458995
55.96216642 46.90336704
59.97433626 20.27497392
32.11227464 36.07691035
17.74427108 36.72493660
43.04394411 9.97287784
39.45941790 37.94301376
19.61788494 55.52313510
52.60995699 37.83107708
20.02041469 11.42729913
42.33232210 1.93723026
43.46380903 31.19661032
3.81310008 1.33771987
26.52295590 44.37188948
32.21234646 26.65413602
4.14070900 33.41438623
12.82328671 39.18003875
24.35327966 11.67336147
7.95253470 50.69357018
46.61977087 44.94223849
29.20193875 6.75312743
32.50660571 2.77663319
8.06990829 43.96583867
47.51392414 7.71795922
9.86349742 11.14378873
13.90483922 26.09564220
37.67351606 33.87555414
31.85210943 57.70058974
12.63618755 9.40184660
27.14755940 15.80256162
42.56173727 41.18489235
20.73844320 3.17209701
18.73160512 3.17748761
35.78457890 56.57377091
20.82711835 32.04225327
37.29434908 13.85834895
52.91115749 46.28507952
39.23405330 32.42483433
52.57543623 55.26367526
57.55651066 33.55171036
52.76967926 20.20335053
44.96851563 17.51080719
24.30398797 39.15860424
5.68583875 24.98497293
3.93832193 7.44285646
59.74428271 40.73139130
22.65609599 28.14923823
49.26734512 17.31134436
17.09899648 15.17627986
53.11489042 18.31254184
4.79462871 28.61202892
6.28385075 22.15803439
29.72824377 8.56980499
43.77903768 11.78664784
36.29852554 48.87686605
47.32773596 39.89471191
39.39949941 58.69126008
51.20492186 34.46121299
3.95475818 10.40550935
13.75667606 24.66318689
9.22100882 29.81448617
5.22186987 56.44463127
29.81123915 47.68310573
7.48971384 17.74639901
0.41101581 13.51029039
8.44307746 12.98227280
43.85298490 1.16607739
31.02926253 40.10891456
15.57379906 20.06615671
53.13155671 10.91188538
12.06616878 56.16824378
39.83423557 20.78116666
2.88004887 58.19720993
34.65903465 26.32342214
15.64373086 10.51218865
29.85426515 30.42570852
39.56137022 34.06609075
25.80039894 35.41590614
41.19579684 56.84104462
12.72780703 48.88041476
21.12533412 49.52069403
35.56678743 12.40371920
36.33284021 44.39608477
56.31524982 19.07679884
31.81215233 55.58708154
21.30191261 40.14209079
20.60375361 28.29856038
57.80512980 7.94455004
44.89400342 37.14423455
29.47298459 4.44272005
5.89381957 42.21060182
25.51638614 47.55371732
25.90677210 1.40300292
6.22352835 11.19567271
44.24423499 24.95658949
59.78840319 27.75084515
6.49681050 1.31289345
10.63904888 59.34371368
53.45121474 0.43635122
54.99331517 21.66455112
46.12486335 35.99869444
8.26004359 2.07673357
21.02638702 17.00274974
26.36449665 22.93076576
22.35385630 30.66205367
30.77146210 2.19579616
52.79560809 51.19805666
37.94387601 36.80190776
36.05168332 15.10451446
42.50402136 45.25444885
33.74735615 10.35813923
28.07159136 2.93556418
24.72546107 49.90332016
39.36015174 19.90681351
5.63852720 7.16409552
56.06218257 44.96228312
20.28973712 27.34972331
38.68056964 54.50977349
24.27988172 41.02881054
57.92321227 18.11446397
12.28940964 36.80358374
9.50521918 54.50555239
19.08368081 46.10784947
50.06892359 8.11549963
41.93945076 29.79463229
47.48897940 26.12272559
21.75610090 32.45593181
19.06946844 9.26953840
52.77330666 40.69648439
42.25288193 58.36543887
22.76900881 9.51472041
54.33097766 7.84813015
24.69731990 23.86922732
38.25716207 23.14095855
13.80681261 48.37652897
49.16408304 23.17901479
15.92035747 55.86206393
49.95340091 4.17244609
5.41290189 52.02324593
26.81569413 9.80189590
11.40201855 6.68398159
13.54606066 15.08471620
44.72845002 45.26552153
13.35412590 7.97406531
9.98367743 33.78477738
52.65879371 6.98829335
23.01274712 42.83149795
20.46780658 22.21452240
45.32829848 14.55927655
43.26892551 28.74844080
50.99860677 44.03213551
6.41332817 13.69877605
39.88413735 11.12508176
42.79255826 17.66293830
14.12725339 40.82007224
11.61322410 15.41870979
17.40511761 44.01045976
24.13437015 8.21292582
2.60048721 22.93262194
11.96456600 11.22637458
20.64715038 57.02855590
21.14139313 0.59983510
19.10234896 4.35625198
42.41636119 0.24197535
22.23200944 27.27586653
15.84686826 59.50265040
58.79303781 16.42007835
43.74714302 46.63126434
0.36948189 48.04007767
41.82777926 39.25358104
42.64040001 27.98021552
54.06768595 4.01979615
53.53408790 2.36032825
27.58534383 4.99277562
39.38443955 31.07172237
51.55692316 23.36093734
54.03637971 22.76213342
13.04852698 44.11577055
44.51933183 35.47995943
32.04393159 44.43429329
39.23771845 26.87970010
2.43640647 18.16941856
7.43811061 5.88377383
49.53112513 35.41407542
6.36223296 37.80623036
31.56094764 8.01859094
43.21429662 3.97919536
12.87873007 33.24679150
50.18887701 2.16613213
30.36880697 4.05822460
25.37121282 10.22739915
38.39099570 29.72922767
36.12948174 32.77873832
17.03969697 41.85280866
2.93385422 6.07221373
43.38074402 24.56817944
30.13232420 16.42827419
6.18613616 39.94218092
3.80533601 59.62052636
34.82491136 20.42302005
43.43565197 33.88560981
34.44326388 31.21996837
7.27628286 15.80225481
28.19893031 53.81137432
29.63043862 57.19701444
43.76938562 39.61430051
58.06564010 21.70587371
18.63807271 28.06656059
34.77089284 46.91398716
11.18683515 44.01147029
58.26240059 19.81227526
30.82217185 12.91683289
32.68453252 6.45844040
6.56113516 19.45324629
15.24899876 24.68764100
53.25940568 53.02493115
48.99857745 40.91733050
9.14396779 58.04887671
52.40205955 5.06359148
12.32117489 4.59851493
13.18151501 59.47603469
34.57578324 5.78398267
36.63205510 26.39835763
39.45484149 4.24108114
21.06296737 8.66487115
0.66279810 39.03516144
27.63598755 0.29537883
12.12224584 54.21539672
29.36977460 53.43713254
22.90066438 57.74721575
15.88003279 18.05046856
11.46457626 2.85837515
12.91082117 16.86103008
15.36587610 7.10174766
21.83264973 10.39046593
43.93653887 19.03537418
13.88066974 45.53007176
52.32952261 57.22583442
34.25521966 55.49683865
43.19917180 53.92604605
9.26959608 45.51608847
9.56763047 14.47938092
16.28676631 57.76883222
33.13092313 45.94753222
59.97402778 25.73403613
42.62356024 35.98297738
17.57757908 39.77186631
16.60452505 23.48287619
58.96509164 37.62578564
26.01304935 7.97904959
7.18347806 29.27254399
26.72893743 12.36195949
53.22938330 24.19739309
23.61119215 33.08252184
20.61505680 47.45532368
49.56957301 52.92481677
25.76301043 25.45113651
57.12662691 52.25234523
37.65262834 31.78895324
40.82772044 31.29600582
52.86738195 35.40002701
2.63544176 36.96183050
59.93039185 44.76494404
31.86070612 29.57421634
31.07743330 7.16360663
51.29665363 52.07505434
6.05680732 18.61291013
53.56345442 6.64726101
59.87548589 37.29190345
41.78200867 31.29445350
23.80563561 47.25099314
33.38825864 55.07273681
16.90557497 50.75127522
33.98716840 19.90536112
4.02917930 27.25860289
6.51707682 17.66274009
23.94768421 20.35596549
45.02302624 42.14283499
12.30337526 2.36233180
39.32823884 30.11830022
1.20906550 12.91591098
22.82778798 35.66712068
8.94208516 1.35684127
52.29217624 53.04443020
52.52583063 23.07665013
9.04505567 12.24274105
40.94693266 38.87180134
37.10113353 32.58420003
32.71329052 55.90796441
25.53832778 44.43370478
44.04753921 54.39565229
50.58040337 7.26961298
11.23001272 54.52875349
10.95126552 39.47987276
15.75549418 0.45479047
12.26453414 53.26683730
34.14965228 25.49284790
41.89872999 1.06116280
8.04950270 18.52485301
7.00031926 50.42681065
24.33485135 7.25610143
11.53588941 7.63682097
44.07852048 37.63684512
39.16732750 52.72845598
34.55394953 23.17728390
10.47702338 14.72505638
3.32089815 0.48419360
2.56052913 26.12741230
55.75588051 45.93540653
51.19874156 4.29820881
17.47058512 0.87447688
21.80058052 46.48823395
25.00658268 37.12597348
19.90051512 26.44001873
26.49456140 32.04460432
39.96653687 51.35012554
15.46827785 27.30021079
5.95836572 57.12078612
33.49587141 31.05550952
4.43589901 51.98599372
23.44034569 40.56007646
54.29762038 3.00171591
54.08197111 23.74265475
3.39736768 54.56642702
15.67178900 14.01001271
21.94854934 57.56931069
14.71769069 45.03237288
14.43516746 15.49336442
44.26416984 47.43427347
52.24854096 11.37556966
43.68740551 18.08946151
12.92098270 56.59635823
24.69936904 44.97808585
58.80901299 34.32826865
29.09842976 48.33266284
38.24872789 13.57973996
40.22380098 56.75445240
57.88210260 27.85983398
25.06459799 7.92956440
47.28287784 56.60389570
16.58795619 58.87580407
13.41641316 41.84993537
19.62169771 3.53694464
33.54771673 23.95187485
15.33552792 38.05979505
30.69774944 11.95850066
3.80766757 6.45925641
1.66584131 16.84518833
26.16551999 33.87862603
44.96685904 15.43851689
20.43309930 31.17980474
30.00988266 56.27771150
2.99783378 2.06757490
40.33738364 40.26691760
37.30421689 44.38996665
17.89583075 2.73615245
7.18457057 14.76664081
28.31806740 7.31901262
35.32343012 47.71785978
50.99895647 2.68686993
3.11695143 20.13698863
54.87195800 0.27653735
42.72950141 39.64939122
44.48527962 5.82989410
28.78079014 8.75147748
28.72001331 56.69849049
37.96343281 53.90667680
45.70101514 29.71544347
30.79831521 4.90169344
50.81601990 51.20133420
50.12925272 43.68841419
4.28847850 0.45896784
51.90039789 43.67904761
48.07469771 39.20359433
3.78069991 18.29516793
29.11958839 55.78662866
7.60144410 31.50309539
44.06917981 17.17562119
42.24941501 7.34467311
51.47636403 58.35026027
18.89492221 10.23247111
22.10858016 0.75377081
14.85703704 56.35457856
51.23512098 33.49224635
42.13938585 9.64831441
38.98248589 3.30302385
43.26171540 40.48865423
16.94539399 40.53435862
35.26136569 33.16996425
46.05486520 26.60000690
16.63320880 14.31517305
57.68755154 19.05424032
26.74437736 25.81715654
42.73547656 43.47341921
43.17775354 52.95181460
43.09338211 8.97105161
3.04084353 7.05951417
35.33631019 49.00921917
26.59244921 24.85128965
36.51293035 12.58611443
43.09247255 32.09017686
0.70139121 40.78896234
37.09047238 50.67922898
29.95312067 10.29559990
56.90346641 59.42460782
25.07722218 4.67088979
5.32824691 43.04933983
9.80889323 55.47076588
45.84337523 36.92587263
55.19953364 6.04530791
24.13916602 33.92071140
23.78900411 38.33611315
11.23685418 44.97508040
45.17391920 36.21068413
43.39020606 0.29209338
42.43434469 11.79098587
31.05156623 58.21451971
24.64009905 58.81241626
55.43814020 19.41313584
23.16321932 34.00850682
0.91182239 19.99330844
24.15283894 26.63357847
42.34981061 4.46134505
50.50677988 49.82921931
54.32990228 4.98172128
18.05864083 32.00713707
45.58313185 7.39542003
42.10195828 56.43211157
53.80966283 19.00989501
31.86181261 46.69196945
37.32723072 8.12887886
36.09330124 42.47599120
43.20766207 4.97143291
56.08748545 21.67701382
13.88439239 44.54783673
55.00435847 4.18339990
10.86290181 55.69097853
27.83691105 3.89173287
17.55295484 23.58131850
18.29959275 40.80699952
44.61983298 43.47226660
30.22721486 48.54411843
46.86598292 27.17022280
56.63857495 0.98058459
14.98547262 6.19095428
51.68365606 22.39277789
46.93619298 52.83306177
19.75035950 22.83743116
7.20263978 21.82984185
41.39338977 2.10519792
7.81389565 25.56439537
19.91573080 46.73412611
25.38281647 34.54090666
25.94331425 26.41368901
0.60144355 53.32231901
7.67303023 43.09894950
45.46077728 35.27795887
55.18701709 8.27812132
20.04467745 32.62361005
6.83711211 20.38224876
46.63595976 28.17152582
35.29134997 6.40846139
56.66231883 24.22596088
15.23568154 41.31977638
31.58635810 3.13945340
31.83036826 41.53234657
45.73847762 28.67067223
0.32018753 28.58992628
18.55710997 39.85326343
42.94509014 46.10457270
52.79498125 42.04289961
51.79526640 51.19433856
57.00969918 19.77781131
35.48907688 44.87963214
27.26789084 23.23163721
46.62201890 35.17354511
12.34026059 39.99790153
53.35842954 17.36462709
58.57786495 22.54652699
40.80422701 36.58104649
38.64907475 58.06674898
50.75728388 12.42112827
19.81255123 57.49577070
50.25436196 52.04171827
14.27155190 37.20076687
26.94657463 22.14957701
2.73429968 55.55416990
58.93563352 38.73860913
52.28763475 50.35491952
13.11245609 25.33397745
22.62532422 26.41778228
19.64744295 28.15988788
12.51936532 8.45504734
58.05799262 20.74925304
59.42223192 19.50024444
20.55946088 7.85628150
40.79548071 10.78455409
6.09270924 38.97605827
52.28362596 52.03341259
8.28956331 17.22323807
35.62938476 22.57592360
58.64115728 24.51880100
10.71408294 37.55670425
10.62585200 6.12027754
2.46690150 45.39373121
43.78423434 19.97681492
28.95814402 10.51296031
1.16985375 47.49641835
4.47396341 29.52039731
11.13782008 58.50823352
8.98032241 6.18405587
49.59299909 40.10363110
11.19737258 16.55354818
41.75844738 40.21898084
3.16188997 5.13859317
41.95036334 46.06488287
14.59260715 35.75035046
19.64079627 21.70512130
23.41783260 17.38187471
20.56712166 45.53649732
40.90910013 27.08587445
22.93871289 1.82236667
36.26531202 49.82548219
21.15227341 29.08709590
43.60068973 12.73266735
32.79257470 35.34784009
31.29934628 26.31473899
12.92562466 19.77583850
17.69185503 26.16010251
11.85561820 39.11235733
12.14378026 16.29135274
42.52945240 33.56603032
31.51143983 48.02560660
0.52507126 24.35879878
34.25859944 51.44099444
43.30655860 1.99076342
17.21070888 32.60716626
5.30289417 40.31203923
44.69665813 30.11321032
18.60877655 5.19549816
2.68295913 35.97803788
30.39228985 6.46099666
40.04723904 28.66039002
26.75056477 45.33145344
20.49682465 6.67255272
49.41176154 24.58134829
1.64614678 41.11085970
0.98373562 1.35067773
36.38795382 54.71070506
14.31003051 14.49792425
13.97611461 19.50872312
42.13637458 44.37045871
17.20474033 56.98284786
28.44018328 6.14340130
51.58293950 37.55502018
58.05121165 2.00081438
25.47797006 55.42898540
36.78090604 25.46638002
36.99551931 23.34930481
56.71304333 45.67794561
20.32425871 52.95662517
5.36844967 16.82767768
56.74425929 3.75708193
27.77038952 9.93271836
51.59680578 5.63728398
18.07940339 44.73233877
18.44776756 25.50530855
47.94756821 55.86687861
36.87276190 10.78664288
2.54999836 27.11851766
51.34880988 57.31073635
13.48283499 9.88713454
22.27391120 47.35050204
47.23918303 41.37435670
21.52091130 25.97329983
33.84032743 47.24448770
11.71478183 37.58165094
19.52908851 56.47768380
4.29770704 53.74099382
23.44160520 28.67350218
17.81181056 52.13833415
20.12106728 16.63910111
8.47063283 57.32859533
0.30799468 54.27209779
2.05355205 57.68506426
15.66664679 58.53288186
51.96200436 19.62908640
50.52038280 53.84712441
37.46377984 22.14370732
0.42267479 18.08114210
26.49834429 41.41728136
4.24938738 56.54453564
24.61697287 33.02122083
7.05573468 18.62008564
20.42902355 56.07873967
38.05678361 51.05247892
40.64004938 11.74995368
17.78017431 14.48853042
24.92416681 1.42290674
27.51017096 53.11477191
20.41145948 50.19590158
45.89724749 46.78218621
4.91475432 55.50774642
8.77572792 24.03859599
42.32655324 28.89777186
17.19212360 58.10441323
42.55052650 30.58817133
2.22566112 47.45302737
21.30871533 30.70069521
6.21700009 40.92015091
8.68687445 44.73066984
31.63104623 13.42768614
31.82299986 35.12654805
9.23803576 42.03018727
57.72781970 29.41345310
22.00732170 8.92794681
56.73140054 33.01963979
28.23995246 22.44887099
29.07158748 22.99553111
15.18046426 18.74037168
42.63044334 23.97889091
53.38848160 7.63551803
10.52836983 10.46169575
44.05154537 53.41708260
12.96797979 26.31360473
12.83970518 17.83765136
46.43715514 15.97574113
31.93715509 45.39193715
53.76167853 40.76893473
35.18162623 21.29613659
53.81317333 35.56195527
53.45282550 11.85054321
55.95594717 43.99780950
54.96229759 23.05492738
38.88857452 20.78487807
41.79131096 32.88803551
20.77113298 57.98614605
42.64117799 38.66632821
21.49367780 56.58056879
22.70547565 41.93434268
59.06688351 25.42109807
50.95634605 8.47398434
43.60246611 56.77410237
26.72422421 47.27028843
53.48334970 34.62146033
38.64673367 31.66508341
10.59888976 22.52318372
37.07266426 53.03710535
20.93884758 24.70092578
39.30008142 25.94224969
50.43292881 5.42793449
52.68896516 36.84106842
32.96202843 1.94450196
14.48285758 25.29849504
5.87549551 20.15308835
40.52193743 19.57877526
43.81564338 32.99349966
2.03287195 58.67969622
9.77914176 59.72645771
26.14876119 27.72148166
6.31703885 43.11164931
46.10881431 6.50053898
57.90852057 51.64070834
42.58512723 59.28522581
24.77032914 38.29116937
5.88800507 44.99496119
36.26849463 27.30004815
11.19280744 56.62433757
14.48322117 24.05791946
44.03409316 55.41956230
28.59571772 52.89468142
12.11208967 44.31609264
6.32184567 46.02598015
41.97288293 57.43012479
4.83367760 18.45791356
5.31026461 19.32349814
46.82526403 17.68577377
14.70426296 47.53869663
46.96912319 5.84386992
59.30074775 54.44283222
16.92056060 42.82983409
30.19759547 26.65245725
9.58127978 46.42567187
34.20120647 56.43890616
10.99225879 11.37489076
38.02618449 24.10140920
31.68800329 12.27670108
11.94412082 33.35178563
12.23762117 3.61259138
4.93243700 27.64913439
29.83217015 52.58813564
18.07699098 9.15779179
7.72951495 24.54725819
46.05514141 42.57168024
47.52956489 14.56552347
16.96958897 52.68231362
19.36336641 54.55162165
59.47713792 10.55309202
12.46069567 38.27101888
24.50058872 40.09621120
59.96299412 41.67771464
44.33862695 14.53578541
11.48326713 9.87527260
23.34171986 22.74529635
1.33751822 13.89522367
0.74490007 27.70767821
18.55258298 1.56300553
16.48243023 24.46015787
12.47935235 0.16324679
44.61651139 46.21281738
27.91479901 24.34579307
29.23376183 50.44614411
52.14017096 34.17311172
8.89437057 43.44806886
8.20998955 58.31193255
24.22173297 2.17553681
32.17695573 58.62384131
13.08763592 23.98926395
27.91397526 44.36217343
0.35632835 49.03083708
10.39677114 42.22141220
11.67512531 25.41399955
25.06729223 8.92413761
10.06544063 12.07108534
34.17426474 48.25491966
54.06139116 18.05834727
57.25372153 17.41360157
33.04359903 28.94953814
31.82548581 14.39495311
17.14970518 45.07986082
40.42341539 37.85739644
22.02840607 31.56425380
3.61869301 36.37293851
1.90217607 25.39098657
46.27902368 32.25787929
58.22415136 17.18097898
37.24405256 37.44697761
7.72910733 49.73628671
5.06576644 47.69056047
44.26454840 3.07619794
36.40096165 45.35221587
51.29674229 14.31473356
13.11296250 14.23375527
52.64070588 59.89306933
27.57571223 59.32557152
16.86897850 39.08127301
51.32037725 59.68529999
35.22366108 23.98610954
26.28525423 37.60904219
14.36592006 58.07085993
9.45553879 57.02100674
49.96690548 41.01632239
9.53994773 24.89437968
42.22216120 10.70774104
32.85817108 42.66193037
32.50510884 8.13882804
10.10245188 57.75904830
8.51768585 46.10354561
51.61233255 49.44397604
18.36571447 28.97230633
14.50488568 46.28407912
2.01739794 19.73926810
52.40159041 17.67303356
9.89390445 13.60683619
43.23400517 44.58205041
42.21355787 34.50180102
40.04329590 13.04943443
52.08634234 7.73845939
39.25376713 34.98336990
15.20470298 17.27114380
36.69916955 56.19411467
15.24712361 55.18195238
0.15790818 39.85382414
30.38791891 1.29159008
57.37212018 26.83898450
28.19261708 25.88471628
23.97569641 16.14348339
5.11121091 33.59894670
59.88859127 38.44901558
11.58493293 59.46784093
0.86025749 38.06711209
9.85944805 44.75547573
58.81975852 40.85884057
29.62129044 17.27972573
57.68476547 14.68958118
27.89885825 11.39641942
44.99884413 24.35576045
21.68477020 28.07180773
1.23639459 48.52473132
0.86178572 16.21554867
37.27799360 34.77024117
1.33908708 36.29422974
52.71609862 56.31949412
13.43538421 49.55134537
28.08661089 42.48407926
43.31062049 10.92619536
6.03713397 25.90486468
17.18725559 48.90886286
52.46607051 58.19784497
55.11712322 44.83574302
16.60287108 8.11819787
36.17491492 51.64860572
38.41664533 4.36365147
42.32810198 53.54399067
53.37525134 3.32965288
20.21801973 48.93037951
18.33974171 27.15032962
2.08102993 5.58926779
5.25398870 54.37153016
49.12230174 8.36336431
13.48418294 8.89994651
38.95676708 10.87273087
37.32377323 12.00580327
32.09297229 7.23779444
24.01322668 0.43338182
9.05722138 15.27359875
43.20487458 58.45309432
27.37508738 9.01274554
6.04919928 47.57571465
41.15603843 30.36408445
26.97090305 8.08763728
49.66175794 37.44576586
50.91507518 45.00767745
29.66060999 29.47291857
19.45389784 30.98284352
22.72544900 19.76401894
34.97005156 19.48237804
59.77976837 17.32221174
1.97346338 23.67405200
46.76646805 54.74189605
25.38489746 24.57215301
57.64959891 24.14860890
34.38733069 9.59593321
48.31510850 17.31924721
32.30412536 27.63892244
20.30854592 54.86293232
59.73701160 16.27181244
49.82700664 36.34895790
11.00848948 43.07258240
44.37796406 7.12249172
49.49715878 5.03115909
54.09786552 38.17467853
52.14749392 45.51419399
17.90602146 15.71785504
12.21371510 35.86281121
25.52058325 23.38337084
31.54134681 10.66981395
33.98556024 5.01976842
39.98915612 27.47396557
23.44509965 43.69951490
10.66925469 15.69733363
3.24312641 57.29793909
57.58047054 22.53048003
32.14328746 4.32254442
2.67992504 46.53874361
46.24312184 4.15940569
1.46630042 18.78874234
22.50323550 13.16315929
50.84521801 10.74066152
16.17341307 39.78298526
41.28721995 41.79215004
21.30030062 41.11570378
28.93575642 3.60776301
32.32332300 5.36255168
41.73854856 35.57364558
50.16878480 16.98571507
53.47746171 55.71276030
24.05362625 25.19880790
47.44603395 15.67333182
9.76869994 31.48476726
0.86667639 44.43376988
55.54251407 20.85201482
50.75341410 13.48018856
4.96515807 57.37270097
34.20645046 27.19190877
14.72130025 43.06815220
36.91937175 41.72490931
37.94506249 55.20373487
40.13390635 17.80370464
29.81299046 11.50743026
15.35457303 15.81872751
25.44238215 0.55894925
48.19384976 36.69757768
23.36244626 36.73947517
56.90480348 9.52607833
22.68578784 25.41923252
40.84470243 32.26209226
49.26343041 2.48643132
15.70353498 23.83987168
42.50148616 24.97578712
26.70655238 35.05248161
34.17484814 37.94220963
44.30604345 59.93442681
11.71883224 5.76000600
34.85992841 53.11151756
59.34553348 28.63633936
1.41505551 22.85722137
16.43693493 20.49601231
6.04857617 12.48520943
6.87851830 47.01524698
42.46493045 2.90142002
21.24118618 1.58661777
4.79734723 1.39279627
15.39320724 32.29708169
51.72821113 6.63894456
30.64382644 8.23965852
45.18311021 3.57408880
13.30039713 4.51890869
42.46836357 42.14214011
28.53752036 41.43900915
2.91517094 59.18888380
20.60081289 12.21563128
50.59997962 23.53005487
16.87757452 26.80860496
37.24568822 27.15788783
47.54462741 45.08599557
46.73455739 25.49665230
23.33785071 7.62175012
9.40116784 4.80211633
4.71273403 6.84024712
27.20501990 13.22868319
32.88751353 3.65686946
7.02310740 35.14147889
43.18864398 54.90756272
2.13409026 6.61709571
14.60963077 48.93687765
49.53072626 22.27442169
16.51511437 12.41313559
21.20414064 22.83849377
54.36634369 11.11646559
51.43610467 46.39500106
47.72506517 54.91153431
50.99456232 35.99022992
17.96920061 41.97569457
51.93413521 35.12724516
57.05538295 50.30598058
20.38354318 17.73331772
18.05555097 37.65876991
38.49841415 38.10621068
25.80371962 12.12983638
56.04104017 10.19322356
21.43383526 18.00178773
28.76388996 57.67135465
23.99758638 41.96152814
9.22617856 2.31001199
0.80574641 26.27526521
11.87401573 13.57651731
37.98332563 52.06541444
20.47180086 34.90963590
7.95902416 13.79374931
26.12764200 31.10225787
12.23916029 55.20159670
24.96737480 16.76630185
56.87665312 7.63627595
41.93344493 18.18929005
46.03226446 2.30083994
46.21452479 44.10121674
53.58978864 20.68699716
28.86942165 1.58763699
33.17228177 39.24955264
11.30791911 28.06521901
44.20777358 28.52695705
21.24580193 27.19017298
34.86439455 11.78752536
39.97261333 31.79110183
57.29721186 11.42549465
35.56418243 43.79561701
32.48965415 51.55013345
9.85730704 58.72527510
25.24525421 2.95283950
6.87474418 58.87110066
30.38238363 3.10424441
10.87287344 34.19882411
24.51466862 10.72565214
12.64904165 15.44955572
59.97894232 26.80554248
24.97383188 46.75073409
42.92002343 29.66689462
7.80038111 20.07327514
39.04482772 5.13351644
16.80911176 16.08996880
0.65630751 20.93957923
15.56412645 44.54277795
35.21354155 55.73528750
24.23999618 45.86165364
58.02555971 26.05745072
31.07016620 44.35134103
13.41726442 46.36979856
58.11738868 38.07149873
6.80773913 41.94750212
15.95580611 47.51777616
2.57359824 20.95882558
0.87050550 29.38380377
1.75117884 2.72361614
52.71619167 44.49917292
58.84222441 53.06572963
33.85463179 6.42855677
34.61697228 54.62166852
36.16305277 53.57302355
15.80920060 31.33106951
59.08489827 26.40973888
58.84884572 27.79556123
49.51124168 1.49514528
14.23788279 7.59042502
33.11182837 27.09213992
40.21423364 34.80920954
41.70864086 28.15143240
14.93761721 38.95784374
59.02249690 20.40604519
39.44768543 11.98496986
1.70400290 27.61408432
41.73411408 38.27841012
38.90083072 55.47270219
17.62880251 8.18079752
20.56674826 5.64485006
54.16806100 52.71528797
52.20572904 4.09985542
41.53186792 45.16527184
29.27097138 54.39234658
39.78035353 10.17135041
33.24404523 5.66285396
47.06491258 36.19562598
42.36572695 55.45207564
41.80057838 36.55926343
35.84243856 13.33869528
26.19739670 3.31492312
41.30747623 58.16444096
14.39790447 41.80144618
51.14485883 38.44397754
30.87417461 55.40454197
27.49162111 37.75617430
28.18973524 58.48748347
16.21089971 46.28301984
30.35742385 46.94039741
54.82354814 38.91468299
3.73809574 58.65567235
29.69624239 45.89752487
47.06534390 46.90905223
7.92441304 12.15728369
20.22293620 40.44417590
59.83900298 30.43074324
24.29665031 36.42897785
43.08050567 36.85901064
25.07748372 41.56309548
21.84977041 33.41309407
52.85123937 19.23115920
42.07581888 8.31481250
54.52446048 6.90328881
16.42097796 38.02583876
33.81094347 22.05710904
32.82904086 57.86939634
3.04056277 18.93935874
39.60434639 54.79520911
44.40172846 33.83426201
1.79012254 42.11027678
43.54750194 27.81304925
53.17032112 4.42738413
44.22413536 36.43179460
3.91839372 55.57312782
44.44055003 1.93916537
38.57171863 34.25430223
12.37352093 10.33313291
29.19153351 7.76947825
34.72906806 10.53132781
57.61005765 56.48948410
58.66093566 18.87827956
35.63716873 26.38078011
20.60487496 53.91504944
38.04723820 28.78798938
20.15466657 9.07751141
43.82003117 45.64329414
19.31732427 27.24513754
32.84449153 45.00426095
51.83926730 42.69615662
4.09673750 20.17762737
41.19851355 34.73658997
26.21578166 13.20183311
37.91650320 42.20991031
51.75130518 56.41157189
21.28692396 9.61044806
8.22225358 40.31194384
30.25117288 9.36410324
40.77105364 55.94271272
2.36559462 1.21216289
57.56068264 53.12863456
8.95158522 25.87757218
50.83995458 9.76147382
45.62891476 44.90672159
38.72938460 19.18051305
12.43618091 42.37085923
37.99051295 15.97685396
19.73697744 25.36955513
42.00283611 17.09596663
5.51591469 6.20633213
23.41818890 11.98908131
31.66219157 6.37910607
17.14413498 59.69041663
5.15094040 44.25661169
6.39314516 15.36714670
25.53927631 48.51525211
35.37946604 32.11056570
16.11997817 15.17625289
33.21935612 25.83783180
51.62764507 28.55928831
38.26009815 32.56873624
26.90574804 2.62647073
52.26920931 24.03072160
38.51411355 30.68298671
25.93924264 9.42392705
20.96247185 32.97660726
37.09389503 36.34303694
37.44117714 29.56519711
36.55380523 43.46447749
30.19440419 40.70184647
42.87682446 18.63416378
13.09798074 32.30672856
39.86892826 33.14353287
13.60600558 16.06235650
40.60789934 54.41220298
7.07622426 44.04528743
14.90279914 59.75358145
59.42481319 48.21229509
31.01407294 42.11305319
18.20484716 4.01100536
38.01662228 20.27371685
30.11850756 7.41309369
37.53119589 30.83579506
36.17712002 24.38806650
26.48907309 10.69091499
50.26748312 11.52782772
22.72677820 21.62148296
23.68286289 58.31764150
4.19955267 21.70109568
30.33752429 53.45172952
10.59827453 7.20246863
3.68802800 24.55691595
9.50527715 40.35132017
22.19708373 58.61322060
24.15330897 43.00720453
49.16273796 41.85437749
44.00115272 10.06803386
4.93323843 42.15003542
25.27366857 39.36178930
15.53838515 12.96428570
27.22433030 36.02534155
26.56828558 59.74464282
33.82675724 53.68735016
13.84308032 33.23004898
18.22958299 43.54378449
43.93781400 29.46077683
20.50223490 19.72058338
56.75026504 28.16281706
58.88752525 17.92592114
26.25722331 36.27328775
45.43990954 13.61813447
28.99877517 42.92159786
17.79773218 51.14353593
31.43495601 50.00851049
55.21026862 47.53375642
16.08391301 56.81294659
52.64089548 6.00991083
2.47705783 21.97768259
49.94128634 9.17873710
10.25196173 45.69368775
24.63178361 12.59383726
13.18647025 37.13723687
16.51454950 44.33686256
20.27586620 14.48243924
13.47369125 40.09498458
38.62821061 56.44222256
5.60276511 29.19241426
13.26801037 34.14139864
8.62405155 29.00613091
7.66393451 44.84026458
49.59322169 7.26870059
20.99816407 10.93369988
43.99313645 41.31371580
42.25708347 37.44071445
26.32766565 42.39140344
43.07605208 47.32247767
18.67073424 55.35789718
39.28205739 38.87340604
43.62582226 42.69650178
27.21285186 43.66309611
1.95280723 29.21866941
46.58100427 40.51767189
43.54391786 35.65538412
8.26320161 5.34863871
45.38912077 40.32968502
3.34712359 37.64807819
53.43408373 45.43893585
2.47210290 24.58109146
56.38864243 56.06278400
50.38498719 34.97095982
53.26354236 53.99485086
6.47026561 28.59156449
32.04633369 43.47617186
7.24213159 13.10823431
56.93013107 44.53683144
59.01365786 21.45005650
29.84013165 42.33440803
26.74621308 0.93642136
36.42676340 31.84944377
0.72671750 45.41513746
39.84251727 37.04929334
25.94056010 46.65395502
12.49245404 43.35871641
51.89374428 20.62217731
34.43608901 8.30614924
39.18367815 29.16233840
33.96746978 20.88995389
18.51565119 33.03969716
43.93252598 34.71246822
32.24660924 25.66657791
30.62857471 51.20883261
23.75171275 23.83383536
48.63357645 40.00449822
53.25305149 39.83898775
44.28049090 44.41207291
10.25413622 43.70463052
54.56344228 54.41582201
37.08637370 21.10473636
45.85239628 55.09331784
13.07569172 54.31062472
42.04569432 19.36443509
55.96160701 50.43612978
40.09102196 14.07537207
18.30572942 59.67009964
48.78118013 38.36460449
29.81219211 49.62845247
38.82432848 37.18348502
45.55994612 5.65118917
3.97887015 25.96046923
56.33916459 22.75610977
13.85476371 17.03062801
32.67638775 22.97455083
31.46866994 8.96234969
57.03770336 1.97081302
16.37516659 33.12017805
31.11221908 43.10553081
9.06555375 10.63036484
0.75828227 46.60098202
38.27980620 35.90193843
45.12214138 19.45800933
38.46677948 45.22899145
16.11011492 41.73107518
31.73621891 2.15961791
6.49124638 16.38604100
29.80435941 2.09753158
44.21803773 58.70012191
22.41993158 29.70813724
25.92498599 22.06609746
22.08930868 11.32528483
53.27313275 52.04424224
0.85643305 25.28533480
38.81725634 27.76686384
24.70310927 35.40987015
59.87759382 52.61857636
21.80287974 19.07465553
49.97380073 38.61646718
4.62064901 17.48995645
16.34099077 49.95290700
3.92312213 49.06568424
48.97305251 4.18641073
58.08817291 32.72703659
32.85366681 46.88507547
2.41962406 56.68335682
0.54714277 4.19827863
30.61406643 17.29399672
9.61691791 28.91187576
19.49074458 45.21402399
58.14491579 4.19274155
40.03476453 23.18323420
24.23560549 21.89629484
10.71053981 40.90498467
25.06648705 43.40313141
50.75921659 52.87985624
13.45034390 57.67557983
55.95073762 48.69244911
35.22326146 5.07406341
5.16520638 10.69820696
31.20229415 56.51414002
45.04347912 27.98357702
43.67174759 38.64888268
38.80199494 14.42715173
53.48143762 50.52898182
46.26662660 45.82113410
27.51890774 41.10628528
52.59010223 2.61246347
7.87957463 6.76156482
1.39339660 21.59153939
13.27706174 7.03873928
40.29043864 24.73502156
21.04810170 21.46876637
5.33473704 38.03068326
58.91203864 29.51088170
3.35569982 42.92664410
13.65681803 38.75488568
15.76650119 5.53801072
28.60432236 0.47050115
54.03127972 8.77069446
53.89564595 46.34830465
3.98026244 43.78055321
53.24245199 1.40682543
44.79831689 1.01116076
15.36907766 45.78168209
55.85285463 58.79860099
25.36889393 11.19789951
26.19670898 43.43208258
24.51333911 9.75031002
15.85919753 25.49028314
3.95184756 2.30983232
34.46183462 58.03501412
16.70957976 22.53814488
28.17467742 47.97875816
21.96633361 16.83251429
1.51807479 17.80465651
23.04396512 47.99366545
53.60532558 37.27897816
54.13008786 48.91107780
56.96950127 18.37395992
21.12678608 48.52632973
47.21865145 4.70360692
27.68226442 2.02887894
6.05913720 8.02125780
10.22375307 38.46995993
40.96669572 29.04080053
55.37331477 49.47404319
10.22496036 53.84200983
51.74694339 12.51287339
17.36775935 13.26728687
27.92384813 36.79445246
58.54320538 15.48837783
27.11828904 5.84180539
23.08841468 59.13654244
38.89819830 33.32938770
4.79556328 32.65544306
8.06265097 15.23897964
20.05914311 41.78600055
45.41561750 37.94577649
44.36554968 40.39725653
6.47361460 6.65090956
7.06451265 39.56713066
20.16740663 29.27795291
43.02741199 16.73434098
16.80229005 31.29470060
54.26310052 1.73013276
31.33988929 30.41190276
48.03387481 40.76861409
45.78522956 54.10125844
8.52802116 51.99770406
7.40700507 16.77204208
19.59254891 5.18864135
50.03507732 15.77975849
45.35534161 16.64234489
41.65822064 59.66101020
53.47198242 25.11732674
27.69831178 12.36846237
40.77537146 20.68599981
45.01483836 55.61181881
19.91160164 18.80596716
40.19829127 30.58300404
13.02987463 45.07470863
50.03001171 25.39848162
47.64681187 53.59272504
15.02322017 40.35596702
28.58069944 4.85535720
4.86737511 7.78935098
54.80499993 25.75920959
36.76720145 33.52287942
11.70217062 46.75277247
40.54268562 33.87615921
3.70212348 8.36741928
44.96129324 25.58290751
1.62262667 39.04426204
44.69194657 18.41770930
32.64063203 50.40506502
22.67320811 32.80126775
13.86614904 43.57392459
49.50929424 53.89948689
42.11793577 27.20017553
29.32990638 43.84982928
22.79290957 10.45786526
36.66759191 48.00934387
13.80672782 18.27145219
3.90511912 42.00520141
27.28191919 48.63566874
12.34888908 6.57623198
16.92375973 3.55568988
23.36099036 8.78056873
28.96068388 24.04539026
33.79680602 4.04450857
23.13684548 55.42169016
31.97823850 37.33248297
49.03150096 16.34101482
15.19748196 57.37671169
30.37302439 54.44858099
38.25913560 26.94396902
50.03243528 3.19610918
45.98119486 53.13569492
42.87717102 1.11547524
45.80509824 18.31573464
6.01244535 55.91531221
15.84878484 9.54639668
32.15725568 56.79103187
53.42719914 5.41518203
