37.53938424 45.60015443
22.76120898 12.08214471
0.24440873 53.77367134
20.25574921 25.18062567
17.00652314 59.55602030
20.07382756 30.99743855
49.00070048 39.03506830
27.22628344 31.14668761
28.42251201 48.40443108
1.78813922 26.77335785
45.49441630 43.02180822
51.71144754 59.27188903
35.97731106 42.98372022
5.40597707 17.56051639
41.02558731 35.72800168
28.54990874 58.19883277
27.94901123 8.18591400
24.33186679 59.13896051
33.43104379 51.19453304
17.93742218 52.63892242
49.07149211 25.66696814
50.89335162 11.78273168
14.42546107 58.09440912
1.78841540 1.52867274
41.27327821 37.39229167
28.26742886 43.58801834
41.33963137 11.13066878
29.29273800 1.32276744
7.61178391 59.01742203
24.99860209 37.48955610
23.90819565 21.55817681
51.20431596 45.24720612
55.74792460 0.18592949
39.92098749 13.36056830
59.85212787 29.57533196
5.91640358 44.26352290
29.97464539 43.20700882
26.45466635 45.98217832
57.42254084 15.60453337
27.73369323 10.88444235
15.47332698 46.75486757
46.25195212 28.03199954
33.15917495 4.43396244
31.84486428 46.98100852
22.34137469 15.90619231
6.65579805 47.02574793
26.80518462 41.16240967
50.59240598 38.01099117
40.92240654 27.93802955
10.51102920 42.11894385
0.23516239 37.30074750
16.26747825 13.27277639
54.89369565 54.16640348
45.06678525 54.72965953
51.76943602 3.48810531
3.93831257 18.81943478
22.33833726 25.96795782
24.77326808 29.15167070
16.16403091 50.52174603
41.72273612 33.86390627
28.42507074 21.57832620
35.58500583 23.31746325
10.85827699 38.27475261
39.72275592 55.97978742
21.42603159 6.40482510
18.59435046 25.90879824
46.74687104 4.99910016
42.83192005 43.57265789
45.44161145 18.24065302
1.39005052 20.90711788
54.09840385 49.81077762
32.86089247 13.69492967
55.57792818 9.49731618
20.26150503 16.48905902
12.32813287 7.37455311
8.27007874 39.75956680
29.37608210 9.35070733
2.06902794 46.99847996
14.24656419 38.23349905
53.79471747 39.25865967
57.51160316 27.14804999
34.11843451 57.34473982
37.27292540 41.85111865
3.69534990 27.67404206
37.98303387 27.93315148
22.86512716 47.98309616
47.84152947 37.37880330
1.38990894 24.60246377
8.67103698 24.98657386
44.96499143 2.87943013
29.99015728 11.99981100
31.03768986 27.23135073
33.89444601 53.42109850
2.92291596 25.28615591
18.16363066 31.92353053
24.09330491 45.76238505
37.62115411 11.36630817
50.89605321 6.10370470
14.57050267 16.36956950
33.39355295 27.95830771
25.54846596 26.94659563
17.52484811 0.89968426
44.83050458 41.03921247
51.37466428 50.09448741
24.22730526 15.69805791
57.11120079 56.50139113
25.32792403 42.36097609
16.23416225 31.87954626
34.00230238 24.64731935
51.34598654 29.20185587
57.36206704 3.21568251
16.16467619 45.20156750
10.48161069 56.24204351
4.51003958 37.61879372
44.98612673 29.28868341
46.66713789 53.73042976
20.56796531 54.16561350
47.49727053 16.59504335
19.63741692 14.60656732
31.76228807 9.53617295
41.74946469 8.56704437
0.78000113 17.27278083
43.34518575 38.12326755
24.24600184 2.01895128
8.58585622 15.87860830
45.12353441 6.62384967
15.01708828 36.45438629
55.59784558 50.92951015
28.97408521 41.70692763
1.23179148 28.58468360
14.69636779 43.92234571
3.31380027 56.30028725
25.55070168 3.87275902
15.27754022 14.71725777
15.01185831 42.03686727
27.71645798 47.48115564
27.49429348 24.97359415
37.15696065 53.59953615
22.08306568 20.32631968
29.63373498 50.75602576
20.41742500 19.30351235
56.71785889 23.04685018
18.71872300 40.69216562
8.53881559 4.73672635
58.10880304 51.09078516
45.84543171 17.33360366
33.73432576 22.75879563
58.30665171 28.87415560
4.39211397 54.77990937
12.60714911 42.55201318
3.35465289 42.85179809
31.77408015 42.67399806
37.22527965 51.18066505
50.49425365 13.42942394
37.97132640 55.74107058
39.97382464 52.10861045
38.73629263 15.62355288
2.24896005 41.17983536
11.13053880 45.94395037
17.54595885 7.57012960
51.79265526 42.36191109
13.94619797 19.08003490
29.11102994 23.36424077
43.33738958 55.64888831
16.00901509 38.60523796
32.62751326 39.15618803
58.87986082 24.44132726
10.60816406 40.11759163
41.70947527 18.73925964
23.78895573 35.88128601
47.89223400 55.21636367
51.85454335 45.96146353
16.01751844 5.89856686
51.05657268 9.56976029
47.72782839 9.66311030
7.41746930 34.59741317
16.78920868 26.58008976
59.52471879 18.48979989
3.32886821 20.67473811
43.47140057 59.40019620
22.93316696 25.23900085
15.77841834 40.50132654
30.40143810 45.57078162
27.13209225 37.06708390
24.49873150 43.88142374
45.86740510 46.95422155
30.06772022 55.24239504
36.40918939 21.47904001
24.94629603 34.28710795
39.98379915 29.34704730
54.90058147 6.15790298
55.11373649 46.45628118
59.81796233 20.33886154
32.51516512 34.19384979
17.92029160 38.48412036
42.92634856 9.98482531
39.08512905 37.86632081
19.68577531 55.61155454
53.71025659 36.94961660
20.83336506 12.35882702
42.36323612 1.90642940
42.46233643 31.91236491
3.72386674 1.33365974
26.33827818 44.05283108
32.69886698 26.24530488
6.05270626 32.64626961
12.46879768 38.84106741
24.97061285 12.00274578
6.53351626 49.13849390
46.15013064 44.88039039
28.69207857 7.52527654
32.47798713 2.72324550
7.86711302 44.08529112
47.37155107 7.42178328
10.16175383 11.35893917
11.86524859 25.06886550
37.61197019 34.69665948
31.94677641 58.15914275
12.92826941 9.03872799
26.98393878 15.72831620
43.02396545 41.75694743
20.09292417 3.63826336
16.88167109 3.29101694
36.29091160 55.28384771
19.92417618 32.93805400
37.31677852 13.07355886
53.65481380 45.10416927
39.24266661 32.51198348
53.22935528 56.46904780
56.25325977 32.74514953
52.53321889 19.91809596
44.85661895 17.39555707
25.10336290 39.16749908
6.77459746 26.35277415
3.88288331 7.32645331
59.31966069 40.71413881
22.27572345 28.81382280
49.40900286 15.64396464
16.95736451 15.43287593
53.45653418 18.08385688
4.85438973 29.41031773
7.60756833 20.77655907
30.10836201 8.57271925
43.03832060 12.01144180
35.92011728 48.88247628
47.06955556 41.63140181
38.18607544 57.50784316
51.86399974 34.25348084
5.20336328 10.12945711
12.57161974 24.19515183
9.25904650 27.72399992
5.06369600 56.41077396
30.46597481 48.34285947
7.42923559 17.75453036
2.25615096 13.36172264
8.25882996 11.82021744
43.91928173 1.23693010
29.76585182 40.90297531
17.01195758 20.98278878
54.06140186 11.87466248
12.38304398 56.44779302
41.23345056 20.53047493
2.05567232 58.22065523
34.15456005 26.43300559
15.42312093 8.96392138
29.52289105 28.74794453
39.73899090 34.24468728
26.65430732 35.24921880
41.59567151 56.54925968
13.92719486 50.34110024
19.92624947 48.76230535
35.83999266 13.12214859
35.80052273 44.67496109
56.56224417 19.27066073
31.80148651 56.26425974
20.49954921 41.98007964
20.54561284 28.95802258
56.03618755 8.17599589
44.99310815 37.18574414
28.40113188 4.18864502
6.05548581 42.46632773
24.74081257 47.52209841
26.07664950 0.01132270
6.21676050 11.29883212
45.98261866 25.19070864
59.69034067 27.84499278
6.26136964 1.23431415
10.74621282 58.43032624
52.91800005 0.77520845
56.59073542 21.15033514
46.12631671 35.90099097
10.13492434 1.50973555
21.26403516 17.04855650
26.41780926 22.38301971
22.00700281 30.71739307
30.70847498 2.36976253
52.57854421 51.09453114
37.49523023 36.73083624
36.14472331 14.66767325
42.23104383 45.33050864
35.35277295 9.45498613
27.70292822 2.41819173
24.87376735 49.02740632
37.93073001 19.62331801
5.53584580 6.90165775
56.09472334 44.80321055
20.17942018 26.65451130
38.74941259 54.48532445
24.40633542 40.94124189
57.83124922 18.10498832
12.25556432 36.92253143
10.62993716 54.57401333
20.56125410 45.08810597
50.16954588 7.99068870
42.03904409 30.04878216
45.76366403 26.13819657
20.85210758 34.15053670
18.71915212 9.11225933
54.44367312 39.97107475
42.44060567 58.23024111
23.13021566 9.81073604
54.15639243 7.92027026
24.55248126 24.18170102
36.95778869 24.58277333
15.00882144 48.99387884
49.86363788 21.65578552
14.36828350 55.33684908
49.52301827 4.61690665
3.69299166 52.11440413
26.92681253 9.77188223
11.48018581 6.74937652
13.57359351 14.85727682
44.45648662 45.27986871
13.11262194 7.94064021
11.71217194 34.28833740
52.59656685 7.09144583
23.59017471 42.42190478
19.93424120 22.61128271
43.97142389 15.41515058
43.32049702 28.93402295
50.85281705 43.51067233
7.59436058 13.87927534
39.61776884 11.06433733
42.88301671 17.32848107
14.09474421 40.60385896
10.99210778 16.59136940
17.65776193 44.24603795
24.46876229 7.28120163
1.14564998 22.79369561
11.27188713 9.84221955
20.66301313 57.10763951
22.29139734 1.97801459
18.55619033 5.11088336
42.55673178 0.20797889
21.59781522 26.60908565
15.61131231 0.11313666
58.96185590 16.86127750
43.52491945 46.69763411
0.88164852 48.64649684
41.39475507 39.29036434
42.63942239 28.19966498
54.30239664 4.29114572
53.94194617 2.46180908
27.67640657 6.00759277
39.38015436 30.93051275
52.04069824 22.99276631
55.43844390 24.50280850
12.81057889 44.28769784
44.44252334 35.56761135
31.60995566 44.54306926
39.31120490 26.87259836
1.98782891 18.88929882
8.47916975 6.95350761
51.10922380 36.07612351
5.49013857 38.53951367
31.59917632 7.70663020
42.32519830 5.69847161
13.47625420 33.23395339
48.61897539 1.83054719
31.22497150 4.10116570
25.11618692 9.91338292
38.34430478 29.77582792
36.04798890 32.47485370
17.47885650 42.36385725
2.70548118 6.11118114
41.17720460 24.27438761
30.11067233 18.29304265
5.83424074 40.48276108
3.32911663 59.67847678
34.25743788 20.57744643
43.78130486 33.52912847
33.57132793 31.24757013
6.62724262 15.98970570
27.12429754 52.72230843
28.82111313 56.31655474
43.26365171 39.83518349
58.75735357 22.30520566
18.85969735 28.52482527
34.26505850 48.47347143
11.12958650 43.97767858
58.21943721 19.75675286
32.67362755 12.27479608
32.37683318 5.94490773
6.17464514 19.41666479
15.03798599 25.40852899
52.70995850 52.61338280
49.53239461 41.05334756
9.17060608 57.76738790
52.68413647 5.19786847
13.81619766 3.89703070
11.50990082 0.21103938
34.63627664 5.67649158
36.63779713 26.56063525
37.90834429 5.22075094
21.01182721 8.65748667
0.65442080 39.24023885
28.59112626 0.04404683
12.57817005 54.26029822
30.52739858 53.60481131
22.38459016 58.86461703
14.53064116 18.05496051
13.31888563 2.34606649
12.96600800 17.39487867
14.43074198 5.97339602
21.98724443 10.34038675
43.75164354 19.05931993
13.93609821 45.63687508
51.35332292 57.06771791
33.56289816 55.29629692
43.44074925 53.70360318
9.20050166 45.50707355
10.94390879 14.09026476
16.11832704 58.00060689
32.18795678 46.04063938
0.03201035 25.95812899
42.66588339 36.35700835
17.62281543 40.45894892
16.87807491 23.72394375
58.78655436 38.84688975
25.76975047 8.29015513
5.75028650 28.53691030
26.75428419 12.87381404
54.84257080 25.63629787
23.22941945 34.06639400
21.16639321 46.95167764
50.38297575 53.98110963
26.61009472 25.33125313
58.30340224 53.35447501
37.77776659 31.65126521
40.63882609 31.26122197
53.52494936 35.00862311
3.74828292 35.81367729
2.10825029 45.07579613
31.66624956 31.21642535
30.87705442 7.08933973
50.93264831 51.75125377
5.77201924 18.48045203
53.56933155 7.02147180
59.25647277 37.33954074
41.60167886 31.44057579
23.85868198 47.96529055
32.64046999 54.94500198
16.58348982 51.40764236
33.46160496 19.99625177
2.88659957 28.25963659
6.43825125 17.66438296
24.14409853 20.60452168
45.07774279 41.98533999
13.12778970 1.41384274
39.27679257 29.99883760
3.09381035 12.82636939
22.83561111 36.04543549
10.48250079 0.57750187
51.77315286 52.88954980
53.07974489 22.87193312
9.24392659 11.71660269
40.43704382 39.11716873
36.99907670 32.21913543
32.72856898 55.93715368
25.38879966 44.30407401
44.22140365 54.28535393
50.67788039 7.06590611
11.61651893 54.49492148
10.38825252 39.15254818
15.35674294 1.06040130
12.37412257 53.33104936
34.45225517 25.50752778
41.97365291 1.01051425
7.74892031 18.65602143
5.65780768 49.53134982
24.90956384 6.40324311
11.46552420 7.70945629
44.24867378 37.79651206
39.02983493 53.12781584
34.60725041 23.17410028
11.57512707 14.82383652
3.05459562 0.60636837
2.54411172 26.17757639
55.73078974 45.72043704
51.11832174 4.57219759
16.69019106 1.42441463
22.15054582 46.35647371
25.43342035 36.63513241
19.58771466 25.92793312
28.20923773 31.22497007
40.78668803 52.64124121
15.43422482 27.46664172
5.86067894 56.97501630
32.54831943 31.67495099
2.73994300 51.90980075
23.51675929 40.61752136
54.73559978 3.05216435
55.75850614 25.43029421
3.44698251 54.73635737
15.44219311 13.78203854
21.54761207 57.54326125
14.61433950 44.91011264
14.59876385 15.38918629
44.31338761 47.22877527
51.76021626 11.38884117
43.62521669 18.08764147
13.26613528 56.87054110
24.27806200 44.81603099
58.99341683 34.40572517
29.37938488 48.46558584
38.97781719 13.23372602
40.62338551 56.60670156
57.77734598 28.07825158
25.45088707 7.38428176
47.75642034 56.15264149
16.24727144 58.98291155
13.16181215 41.78486181
19.21664734 4.25169496
33.68391059 23.73746724
15.16623042 37.90170908
30.60023178 12.77977709
3.63212843 6.37608584
1.72568814 17.07773897
26.59186003 34.24099717
44.39739307 16.28898710
20.07549774 31.98771735
30.44140602 56.12354922
2.75438529 1.54996254
40.53354202 40.10297880
36.72520413 45.03134598
17.15477505 2.37562790
6.93510649 15.05731686
27.78680871 7.25074295
35.20115735 48.19841046
50.94388009 2.98357500
2.77935176 19.86619408
54.89821467 0.72046965
42.29343387 39.72145275
44.26679519 6.19643773
28.86507625 8.51171921
27.86355682 56.44652129
38.10716943 53.76592618
45.72209483 29.92214567
31.33179552 5.04333423
50.67865482 50.79128213
49.88884058 43.35346355
4.00282857 0.38535527
51.93510450 43.32128605
47.78522824 39.17477753
3.40602086 18.00395062
29.12281717 55.41466659
7.53102241 31.66803891
43.92014670 17.16185153
41.82957097 6.95724546
50.91722795 57.94612040
18.49962523 11.20832367
23.00471302 0.34739195
13.60132671 55.91664631
51.65053359 33.32643676
41.97194322 9.69171553
38.89637514 2.76875455
43.05700152 40.79161239
16.70421287 40.61775066
35.17533550 32.89046192
46.01880984 27.08270647
16.20963716 14.38638953
57.59870723 19.02976722
26.18120210 26.19670894
41.89082986 43.29971508
43.56629961 52.73442462
42.69863807 9.01969596
2.94529067 7.07166310
34.98025618 49.14877918
27.28895159 24.05553197
37.01688193 12.13246839
42.99595753 32.71436951
0.92752791 40.18900316
37.28489561 50.21930008
29.78485634 10.25805113
56.61928877 0.59171778
24.93782653 4.69861374
5.35120775 43.46300686
10.08542876 55.36471241
45.92633595 36.85243422
55.86145508 6.03401615
24.02041439 34.68059656
24.57248274 38.35644870
10.98736247 44.95651191
45.19038795 36.21699469
43.50253557 0.35438910
42.09652633 11.74584571
31.11473812 58.62927801
24.92158415 58.35932242
55.62130301 19.41792444
23.10137322 35.04813192
0.75911337 20.16196236
24.43194909 26.71861821
41.35135772 5.68161491
50.61126507 49.51778410
54.62043200 5.23435082
18.30188139 30.96055904
45.51011706 7.55353588
42.52970991 56.22256175
53.94410551 18.92031852
30.99385789 46.50450359
37.26572424 8.12577171
36.92954098 42.74096386
42.83878277 6.52796571
57.35960612 21.75769266
13.66753280 44.70816992
55.24108040 4.46369510
11.06775153 55.46581390
27.49186287 3.78736859
17.82201949 23.61062066
17.95809144 41.34694271
44.52965904 43.08764549
30.38786586 49.31789355
47.12089784 27.59671602
55.81432141 1.18492208
13.48329528 5.69493192
52.24572192 22.04702938
46.81921768 52.76098329
19.33402431 23.35725137
8.58337579 20.68042077
41.45266578 2.20683336
7.90161224 25.59154815
21.00922472 45.96899733
25.77273746 34.80191028
25.20991707 26.01606081
1.13052820 53.36416395
7.39323429 43.25531208
45.37293138 35.25982615
55.06557848 8.43569004
19.06631409 33.43243329
6.89956542 20.08886027
46.94042782 28.73024815
35.30442646 6.35501050
56.58295442 24.87242061
15.00343962 41.06303664
31.61103627 3.18827404
31.91060980 41.72485328
45.91323171 28.94947533
0.24423242 28.66408473
18.29442951 39.81644061
42.70089877 46.19030917
52.64543332 41.96957276
51.61676212 51.02953581
57.25749958 19.94124759
35.11360351 45.37781992
27.36506442 22.57515796
46.63190997 35.10189985
12.26011542 39.75994841
53.90976552 17.22888563
58.78589254 23.28992984
40.67596223 36.62962453
37.21374976 57.42773122
50.22762217 12.49094216
19.83407154 57.59437099
50.00138190 51.98461564
14.42266704 37.25682758
27.08561275 21.63082009
2.77676534 55.51064493
58.86483619 39.82531562
52.34653000 50.14280243
11.56443434 24.18614734
22.51047267 26.90820269
19.59543021 29.17919368
12.27508786 8.33258761
57.71808622 20.80636422
59.41904539 19.44983159
20.74654537 7.73239597
40.51194713 10.60180890
5.56792223 39.52435801
52.02808818 51.91631166
8.11577262 17.06586661
35.24101041 22.41542243
59.63831215 23.83174431
10.44506777 37.36431054
10.70175474 6.15540839
3.06716255 45.32042513
43.70042278 20.01205587
28.80953511 10.13801363
1.42081790 47.80459287
4.37012355 30.27045898
11.60985331 58.03608176
8.92332127 7.85061263
49.70549831 40.09738232
11.25868121 17.50566585
41.50304192 40.28220717
2.86350570 5.16964258
41.70568513 46.15221272
15.99045645 36.38885260
19.45425645 21.80152796
23.25391173 15.52757878
21.46313558 44.66321283
41.13169462 26.99389612
22.78101185 2.83236131
36.23305329 49.78650880
21.41471780 29.42832763
43.51563878 12.82647980
33.29077792 33.59206836
31.88218823 26.74595103
13.58608875 19.95948515
17.62029518 26.03972383
11.32220309 39.42246917
12.11860966 16.92306390
42.83196549 33.69069837
31.47153283 48.42515884
0.44988747 24.42862534
34.42855334 51.44324778
43.34037473 2.02459719
17.19965947 32.01261321
4.90917833 40.80805744
44.78778828 30.24276598
18.94545602 6.02390686
3.29760441 34.94164868
30.50779669 6.16910582
40.04950580 28.36733968
26.30647414 45.02350519
21.68376579 7.35016078
48.07724245 25.69082179
3.02753245 40.58889733
1.09228143 0.83154583
36.50955537 54.33984159
14.38398765 14.34047683
14.59676820 19.81583930
41.82890077 44.29487978
17.57490011 56.80854086
28.49467124 6.57419655
51.34771130 37.37968040
58.31245540 3.26015312
25.45182386 55.40815362
36.65348931 25.58813996
36.39481220 23.81383675
56.71455943 45.56641168
20.66483291 53.21520758
5.02823307 16.64935939
56.85002319 4.10540558
27.86929169 9.83959558
51.80311950 5.66642745
18.28678238 44.98355247
18.00090891 25.12338252
48.79876511 55.57516334
37.14420241 10.55165478
2.74644461 27.24925748
50.36030190 57.10387706
13.71065427 9.59103629
22.11776660 47.33596416
47.05852475 42.62838564
20.86480266 25.95140824
33.40170991 48.05704387
11.41915696 37.45391658
19.64923782 56.57690155
4.32041632 53.82024898
23.23169361 28.93868013
18.91084116 52.50084741
19.92459900 15.55743254
8.50436370 57.08423685
0.94659439 54.43898859
1.13748151 57.88840849
15.30861339 58.56443727
51.98538961 19.10799095
50.98851808 54.72087554
36.23988193 22.44587879
0.41140469 18.16445099
26.00221212 40.59016630
4.15916946 56.74728993
24.13967586 33.72838291
6.75390540 18.62756593
20.52267147 56.13455421
38.14217196 50.85021459
40.47123114 11.56661178
17.96380782 15.02388604
25.20862084 1.81797851
26.16705194 52.55241889
19.88177991 50.74170442
45.24887179 47.83374976
5.08680849 55.44944566
8.71177545 24.02448523
42.38873810 29.13558237
17.00752422 58.35071902
42.46858349 30.93746200
2.53135159 47.82751281
21.06425292 31.03847982
6.18171738 41.39529594
8.48644774 44.85104087
33.49331347 12.80411944
32.07185218 33.30893181
9.64094998 41.72836340
57.52864247 29.43951132
21.98562991 8.71052651
55.31471469 32.44487549
28.51930498 22.57563427
29.61756697 22.51681580
14.91207492 18.89215952
41.23757589 23.31954411
53.16482942 7.90564065
10.59477509 10.50221802
44.35460762 53.31697295
12.01036296 25.98412950
12.59384010 18.29523994
46.52235257 16.64749356
31.38216517 45.49425974
54.91429210 40.81171129
34.82846087 21.33524379
54.30010567 35.58213453
54.98791673 12.21603151
56.24095760 43.85534956
56.19058499 23.87046802
38.36050683 20.91668853
41.98902146 32.91900536
20.70918802 58.08466612
42.83239053 38.92105633
21.43529912 56.53926767
22.75300515 41.98436410
59.41492248 25.22772432
51.04284814 8.40744421
43.77321568 56.49296554
27.21044872 46.61365455
54.27265807 34.40077504
38.76664236 31.66746447
10.53474564 22.61409952
37.18267965 52.62544518
20.21233028 24.21064042
39.33556948 25.92433907
50.27160974 5.35667920
53.40493001 36.01043631
32.95999655 1.89961528
14.59623655 26.27355783
5.60671464 20.19119685
40.74859698 18.82236774
43.97205401 32.56133061
1.30565776 58.87236112
9.50950691 59.57455551
25.12175234 27.83503467
6.33432657 43.38661322
46.09013386 6.74312275
57.82198786 52.04905135
42.53652891 59.21814074
25.55556921 38.29530151
5.81447692 45.21613232
36.31744292 27.49186122
11.19856728 56.88459967
13.39746323 23.11023095
44.24891642 55.27919908
28.88458155 51.53972378
11.95171309 44.71722895
6.55555630 46.09956244
42.17125608 57.31022116
4.78387906 18.34124343
5.19108505 19.28413027
47.15172740 17.51981226
15.02120063 47.62769294
47.19762249 5.87625805
59.54096804 54.41953311
17.27131575 43.32881406
30.27741647 27.83798291
9.59720293 46.41063749
33.86305647 56.21611719
11.14988388 11.37336553
37.60144279 25.28418315
33.17012005 11.43491956
12.57234969 33.61367865
14.05660423 2.96741087
4.40173381 28.40053260
30.52115903 52.64703644
18.01000470 8.42520102
7.80679363 24.56966654
46.11901501 42.27899770
48.23623339 14.40272122
16.96714745 53.37731704
19.70863734 54.62114509
59.45705976 10.58326198
12.27652061 37.91056598
24.69527232 40.02534914
59.19627358 41.66960799
43.13755608 14.93476972
10.89026394 8.96444580
24.31332986 22.43040946
3.14121799 13.81782647
0.66522571 27.79020889
18.18412358 1.59055901
16.46085468 24.61234065
11.30613735 1.16231369
44.41019662 46.23803291
28.31854785 24.42417935
28.65143846 50.56981095
52.81790247 34.01011180
8.78772819 43.86323040
8.40088479 58.40679209
24.90116408 2.79793355
32.28622435 59.06516721
12.06650065 23.34876285
28.03785262 44.52962484
1.31977919 49.52595437
11.30812881 41.55560834
10.96646502 25.45676690
25.07212902 8.94316517
10.04668892 12.31143278
33.65565046 49.24420350
54.44758972 18.06321969
57.12803082 17.41230355
33.29738447 28.89788803
32.67278957 14.63605520
17.13055346 45.27124727
40.78475456 38.20208420
22.44298204 31.57981027
4.30024599 34.98022399
1.93943786 25.39187460
46.03392998 32.39263923
58.07230747 17.16907493
36.91740779 37.51270270
6.93782859 48.26094414
5.16903369 48.20426732
44.05269521 3.19439416
36.12520974 45.82079242
50.58522028 14.37313794
12.79338610 14.29894772
52.47526348 59.90172799
27.44788204 59.12681764
16.98633076 38.78074046
50.68316226 0.24387206
34.95861032 24.10120957
26.24230478 37.44143719
14.17804722 59.02565916
9.66529644 56.76728018
50.50359285 40.86350271
9.62433558 24.90862598
42.21156632 10.67722727
32.73399592 42.63822301
32.57075341 7.81491875
10.15830323 57.63033098
8.52565422 46.19745484
51.68912103 49.18750704
18.18876064 29.23976552
14.57965974 46.36220871
1.72607732 19.84928295
52.90294860 17.29611342
11.04510256 13.12090849
42.77934789 44.54280040
42.40998902 34.57778955
40.65912301 12.71707644
51.98828285 7.82005266
39.47011922 35.16946274
14.96720046 17.23107764
37.02894006 55.88133116
14.77950429 54.47900322
59.92367062 39.95120303
30.25931446 1.50161246
56.52685205 27.00930350
28.19867410 25.59259581
24.26442400 14.70304972
6.91985376 33.12213071
59.73698795 38.92775506
11.06345351 59.34768234
0.48686083 38.26137450
9.77605027 44.74541830
58.38443709 41.00469064
29.61407314 19.14441074
56.45704095 15.62199378
27.21454436 11.71219827
46.34696044 23.72692768
21.37280650 28.43570682
1.95223944 48.76117977
0.83074793 16.31937135
37.42449321 35.73521624
1.21483275 35.78285084
52.27968072 56.74802119
13.85590094 51.32319563
28.23352932 42.34974151
43.14742810 11.04555128
7.30505684 27.18929474
17.08574152 48.19632144
52.35364290 58.06117413
55.14617277 44.92298850
16.67706426 7.13911157
36.31453350 51.44685796
36.92169971 5.32975433
42.63095952 53.18409093
53.81938426 3.44367499
19.01330897 49.10751498
17.70862061 27.01610022
1.82468891 5.71146150
5.28885056 54.42861217
49.23163920 8.26712483
13.77687784 8.59615215
38.73181186 10.66593166
38.53531629 11.65362634
32.20871093 6.91748106
24.61146497 0.06088850
9.33115928 16.50946662
43.34185451 58.45188367
27.37750716 8.94131630
6.07165210 47.76342926
41.16640563 30.46410972
26.72405084 8.18158247
49.64422746 37.80682041
50.30022236 45.59357132
29.10665703 27.85008453
19.19013608 31.41154043
22.08100357 21.31157968
34.40023766 19.63239333
59.78897291 17.40711801
1.50723489 23.66324062
47.20579786 54.53604396
25.49088354 24.42080142
57.98574536 24.12370182
35.75760003 8.54306229
48.14994182 17.35506081
31.89843853 27.73580098
20.54127597 55.13526184
59.69228198 16.26588522
50.43442702 37.02676166
10.81649202 43.04702062
44.52333340 7.41192101
49.30066814 5.56941720
54.42214298 37.61124765
52.83253276 46.03651194
17.75742749 15.99979838
12.06276762 35.98394671
25.67652275 22.96808426
32.03248421 10.44684794
34.02663577 4.91151219
40.17315435 27.32332998
23.65777343 43.38950858
10.32638665 15.90756063
3.04033066 57.23481779
57.85923214 22.72113233
32.23590723 3.96597678
2.85196224 46.42605877
46.60601367 4.05308547
1.02325352 19.03004455
22.72574659 14.03316325
50.79321744 10.79862645
16.06346140 39.58043984
41.28768500 41.99193345
21.14610180 42.71687213
28.28282839 3.20137178
32.32279587 4.95927682
42.04510564 35.61326950
50.89185941 16.89393300
54.61886877 56.66487198
23.72714780 24.70226613
48.45610448 16.41966513
9.68369132 31.49961656
2.54477145 44.23499583
56.30374743 20.22673267
49.54458724 13.21090186
4.93671950 57.36598525
34.18931275 27.39302603
14.82388076 42.97383598
37.38295222 40.90262966
37.49018369 54.53531604
40.26228627 17.53368881
29.61736911 12.92300018
15.76496098 16.33425906
25.31656595 59.37070840
47.14833955 38.07562973
23.46499774 36.81033463
56.42810002 9.06052815
22.34093276 24.48977956
40.93304620 32.18051921
47.61417426 1.89462519
15.93476381 23.63201014
40.87714813 25.19009456
27.47031455 34.71505017
34.21665755 37.37552285
44.32790137 59.82909165
11.62309321 5.79067793
34.22038692 52.53665472
59.28170083 28.76791491
0.18159730 22.60473347
17.76151393 21.60870290
5.59273316 12.91806133
7.55929199 47.32225606
42.37145502 2.86841406
21.78349892 2.82656177
4.68021861 1.42406456
15.29875914 32.08723051
51.71262701 6.65749404
31.04193994 8.73989566
45.11528801 3.82634390
14.09419077 4.83586553
42.36420384 42.43300820
28.26709138 41.09169158
2.53014193 59.09764292
20.46284608 13.25618701
51.00094969 23.50326591
16.86817678 27.55100796
37.29445210 27.26998614
47.06171245 44.62533810
46.88948316 24.92138394
22.70638397 6.75504592
8.75153211 3.76661837
4.59255332 6.63951567
27.42467801 13.59309494
33.09654015 3.45871436
8.13413985 33.92294043
43.30873288 54.66246836
1.97904661 6.74617959
15.83174449 49.55794387
49.89519815 20.68008110
16.23665548 12.28277269
20.77551398 23.03731146
55.02659595 11.22501942
52.05969972 46.89804731
48.33146592 54.34662806
52.07692625 36.28618300
18.45483327 42.26841658
52.55955000 34.95552057
56.53190131 51.17892030
20.17277602 18.34885175
18.76456904 38.94455354
38.17406316 38.22442912
25.94769716 12.32952931
54.82848594 10.07997356
21.11938685 18.64411939
28.88378781 57.28163979
24.42063620 41.90813384
10.85863749 2.17562923
0.88861968 26.41003738
11.95942417 13.51235994
37.94514789 51.81937712
20.48376756 35.07149193
8.55106626 14.10930393
27.78891917 30.32555369
12.93505964 55.15952056
25.13992804 15.34401739
55.53820126 6.98448512
42.02455573 17.80104621
45.83483568 2.53199090
45.88825415 43.91881790
53.36814540 20.36547851
28.42598879 1.75875167
31.68250973 39.39751819
11.29501047 27.93544416
44.24579195 28.65378144
20.91247466 27.25716034
34.40306470 11.73034895
39.82670170 31.75415301
57.46098489 11.74746730
34.86874035 44.39854670
33.28429945 52.15056087
9.77492077 58.52733955
24.58011557 3.77260391
7.67029384 59.99399431
30.63115794 3.35204905
12.57881339 34.76145854
24.82282199 10.83619292
12.81770067 15.46491002
59.99527915 26.92541893
24.28597443 46.69061972
42.99887468 29.88207635
8.02266672 19.85466082
37.49083840 6.13488789
16.88479443 16.44006990
0.41169449 21.08337371
15.50966810 44.46420056
35.35095071 55.14561899
23.23918038 45.31092891
57.19495708 26.24259506
30.64640074 44.59087600
13.52879619 46.49989926
57.90210450 38.51008185
6.95848317 42.12618039
16.03262945 47.52938905
2.36111106 20.76456031
0.80350447 29.47475637
0.91468868 1.89243454
53.39740663 44.17639331
59.28979711 53.44258227
33.91061159 6.30182807
33.65552627 54.34446465
36.30412801 53.13096728
15.69908252 31.06572423
59.15710029 26.38435223
58.73731594 27.94643372
48.05790799 0.99821740
14.00469410 7.59082559
33.30960655 26.97217070
40.42962900 34.95341760
41.71412435 28.45653613
15.01842844 38.86720464
58.87967265 20.42815175
39.56000271 12.02810126
1.66485106 27.72766481
41.76715863 38.24455692
38.88317174 55.43126461
17.93995845 6.68266325
22.15217917 5.75688806
54.76189320 52.28422497
52.09401784 4.41827722
41.26793904 45.22972871
29.80499624 54.29569681
39.64709565 10.10234195
33.18489827 5.41604860
46.96847053 36.39560300
42.47641364 55.21308137
41.65889743 36.49927501
35.07166316 13.71183867
26.09402425 4.67267212
41.50408828 58.35475587
14.16892746 41.57546660
51.40635339 38.52738154
31.21779168 55.48852054
27.72952942 37.82250025
28.92430832 59.10999928
16.27362136 46.17734996
31.04773335 47.53906418
55.39961703 39.93028115
3.51389575 58.74274812
29.58826155 45.05924290
46.23399615 47.86319457
7.79246869 10.93668864
19.44730185 41.31466211
59.70831310 30.51614757
24.44189435 36.69197785
43.23460354 37.15419000
25.26251243 41.38530375
21.65480407 34.64049071
52.95690797 18.92733225
40.78303192 8.51555572
54.55983793 7.05050064
16.14803376 37.65402567
33.90386028 21.82051240
32.88854670 57.89814158
2.95244197 18.88644594
39.57859102 54.02254765
44.72244487 33.37025814
2.50241526 42.12454874
43.53217273 27.98687944
53.06506236 4.28134295
44.26088968 36.53579108
4.13948191 55.74763266
44.47535568 2.04173406
38.67377020 34.42534940
12.19955864 9.63018351
29.57212893 7.84528359
36.32584684 9.37454611
58.58407610 55.59656820
58.60184769 18.84103008
35.65889105 26.56422851
21.52716005 54.13062406
38.01429698 28.87407506
20.04866758 8.86225215
43.57091630 45.71240880
19.68840209 27.48351480
32.38144100 45.10845562
50.89632310 42.08799501
3.76837322 19.78573684
41.41431806 34.81598037
26.44622472 13.79343919
38.20089888 41.57213805
50.89748793 56.21852895
21.44133418 9.53903046
7.95800624 38.83248532
30.35546749 9.46047499
41.15947207 55.69732001
2.05496235 0.57827675
57.98351310 54.28246884
8.95898618 25.90956000
52.01710075 9.42994623
45.09181868 44.54818032
37.72760695 18.65727376
11.63933941 42.50326583
39.72118572 15.53694827
19.26663505 25.02241399
41.39537838 17.01926323
5.31425848 5.95802482
24.00602715 12.06487402
31.46754304 6.31945543
16.63986982 0.43448743
4.98946550 44.49623617
5.76924881 15.54372312
25.39908040 48.20473343
35.25045967 31.87805184
15.98468772 15.35528677
33.48667414 25.69587011
50.85072026 30.04937055
38.25413882 32.49519954
26.75833333 2.60175954
52.63801863 23.76383042
38.42599017 30.73952465
26.00985846 9.53248384
19.94177351 33.89374195
36.61521294 36.30959418
37.39888262 29.65797487
36.60077271 43.75211809
29.00876009 40.29799332
42.71680826 18.46339694
13.58626066 32.28846967
39.78038003 33.29925014
13.73568964 15.85857113
40.63042698 54.19266112
6.88343378 44.21523784
14.66288483 0.35602418
59.06784127 48.13100685
30.92532525 42.18598394
16.64578547 4.21399210
36.97641785 19.30981787
29.93677875 6.96717475
37.43080232 30.76087779
35.99157932 24.84577785
26.75946260 10.69800376
49.98054237 11.45592814
23.06706004 21.11742730
23.80470224 58.31401479
3.97278810 21.35288007
31.39475753 53.12565067
10.61688405 7.16228654
3.49347187 24.52560466
9.65529834 39.87223369
21.98976156 59.76507213
24.51026519 42.88899941
49.75190562 41.98229939
43.87129648 10.09957284
5.29540925 41.89529534
26.05857936 39.33664638
15.39319564 12.80161393
27.34593318 35.96221778
26.29858172 59.04001589
32.92003514 53.41043500
14.44389821 33.30060449
18.24476733 43.48568799
44.03464663 29.59305070
19.95296911 20.14976839
56.81460600 27.94687358
58.78623620 17.85655790
26.45931131 36.35494440
45.36573361 13.28798028
29.02888486 42.94588630
18.44970995 50.80032500
31.47864445 49.47527686
54.82451596 47.35305435
16.04469551 57.03347139
52.85742497 6.15842962
2.00016408 21.68338943
50.25953044 8.99254113
10.20972259 45.65124339
25.17210945 12.94672962
13.11694518 37.39196225
16.69459049 44.37733451
18.80390426 14.11461845
13.18969597 40.31768985
38.55096871 56.53026858
5.36652769 30.25047428
13.70811854 34.16989724
8.52720731 27.07466352
7.50279835 44.98804903
49.68000743 7.16256278
21.02450636 10.44235755
43.95651742 41.47322463
42.25420822 37.26724102
26.17708159 41.89455939
43.03835807 47.51949947
18.81845930 55.20491303
39.02680675 38.82403370
43.30610731 42.71435394
27.30073004 43.84260080
1.79153356 29.35692927
46.20595886 41.22894624
43.51287352 35.86875887
7.80073835 4.09022054
45.44288622 40.31620241
4.39756867 36.56268368
54.39980106 44.25494322
2.35249668 24.49584243
56.08029677 55.17801423
51.48026589 35.15934951
53.01987141 53.50570089
6.26956586 27.48196345
31.83775005 43.63094943
7.23074810 11.74998529
57.03296775 44.58115302
59.20526906 21.44038593
29.75949927 42.23350222
27.04609375 0.17385762
36.28706661 31.53846280
1.92497644 46.02199192
39.65986803 37.11807802
25.70474763 46.59891063
12.31451638 43.46518587
51.60828058 20.15998915
34.65987833 8.11446806
39.02616023 29.06170288
33.36401019 20.98885781
18.97925484 32.44775606
44.26237583 34.61643337
32.19417453 25.44596118
29.87904863 51.68352319
23.59799297 23.57018332
48.72703865 39.97972341
52.90835790 39.62248519
43.76088441 44.62581469
10.15999872 43.78545018
55.86724639 54.01350927
35.70981218 20.79260334
45.98917409 55.05736263
13.55048994 54.34680966
42.83490063 19.43684814
55.80151324 51.90447391
40.72062337 13.89036945
17.94205362 59.67162379
48.40556294 38.23154759
29.33354313 49.84217738
38.32380190 37.23828608
46.12358619 5.72871783
3.73595747 25.79351356
56.43134980 22.11238303
13.93981297 17.27221908
32.79480576 22.82668294
31.98987498 8.60599383
56.41090351 3.21209874
16.44664774 32.80692546
30.94018510 43.18877164
8.77438796 10.85449905
1.14432634 46.73107330
38.40222670 35.62068918
44.67208876 19.40967476
37.34511969 46.56237039
15.96849969 42.18206401
31.66079267 2.19219874
6.01150412 16.75749905
29.72535289 2.32333353
44.25222373 58.83961096
22.37488852 29.81152329
26.10303458 21.46966886
21.89372194 11.32913228
53.21817233 51.79801135
0.79553830 25.36670717
38.95541386 27.77998505
24.65749814 35.43403377
0.17593257 52.82018864
21.19902987 19.89491864
49.93716259 38.75182342
4.41942526 17.43375370
15.20139872 50.76335367
4.07436008 48.80654342
48.59652417 4.84083214
58.76044898 32.33068477
32.77091873 46.77097360
2.35948063 56.51318923
0.57096897 4.22730334
30.60363641 19.15857920
9.98312919 27.06596496
20.54027373 44.11854748
57.84059087 4.17231109
40.25273807 23.54499584
24.88541217 21.56930057
10.44928601 41.07557059
25.43189012 43.31919911
50.56787473 53.05240815
13.48023213 57.97496874
56.38998732 48.54683693
35.23631941 4.92744900
5.94717474 9.49702251
31.12126804 56.97660839
45.18091950 28.30391919
43.80608110 39.00815266
39.28798143 14.63445561
53.32812482 50.44595123
45.40642283 45.49336701
27.39004737 40.41931182
52.99828986 2.63810961
7.94000448 7.77979211
1.03733217 21.84040647
13.20044939 7.00521352
40.12191188 24.52621704
21.08468082 21.13528458
5.39901747 37.18053479
58.87635564 29.66639528
2.42655344 43.14059994
13.43301858 38.76506723
16.99677228 5.75480305
29.51049609 0.37150307
54.09285558 8.86525913
54.38803980 45.76296145
3.68411152 43.73745710
53.47079611 1.58195570
44.82704999 0.93841187
15.37337471 45.78031326
54.90443844 59.72632046
25.70637060 11.35922264
26.44886129 43.08922507
24.11932385 9.87674650
15.91868284 26.14168211
3.43977525 2.26090387
34.85776403 56.69145677
16.92002134 22.29865060
28.49210417 46.90110434
21.79434064 15.09907405
1.43882373 18.06375304
23.02337142 48.94624018
54.65812758 36.58583437
53.62492869 48.96353673
56.88032260 18.37201097
21.90954089 48.29737490
47.56978281 4.48723026
27.32326313 1.51774109
5.87387010 7.78851619
9.87987530 38.17518253
40.85099451 28.93041073
54.63654442 50.80980591
10.56166655 53.64255947
51.17135519 12.72742686
17.10468266 12.82189770
28.04705989 36.75172050
58.25046568 16.15449774
26.57026162 6.27783318
23.32990455 59.17317227
38.77124067 33.34923402
6.37951835 31.72630418
7.60760018 15.85379732
19.97067592 42.81308719
45.66562782 37.86331900
44.06025872 40.40868246
6.37828009 6.42700363
7.04942986 39.37086010
20.44617254 30.09619630
43.17079227 16.38924641
16.80877341 31.09554740
54.71487380 1.90995647
31.10815707 32.01683525
48.00612354 41.80344762
45.78345013 54.09839242
8.63325612 52.22330298
7.11154749 16.83344081
19.58885091 5.26135730
49.45975529 14.65788387
45.34688747 16.55515813
41.67072635 59.90132633
54.02748350 26.08664965
27.68003368 12.59376314
41.62314102 21.43190610
45.17085847 55.68296956
19.44491579 19.20415037
40.17276181 30.40497294
12.87456953 45.28084198
48.82785344 26.61380057
47.57680533 53.41071468
14.89696158 40.07501361
28.18190302 5.15194271
4.82577653 7.58413937
54.96850460 26.62139438
36.42544563 33.35131560
11.76343926 46.64115010
40.69619208 33.97270613
3.67896065 8.26274433
44.88733625 26.53620041
1.60915814 39.30860354
44.53516229 18.42602286
34.10922027 50.49981692
22.35732245 33.69000458
13.72851347 43.71735990
49.59697693 54.51780577
41.98985747 27.51484555
29.28781243 43.88765923
22.85494270 10.73076429
36.38440326 48.05789008
13.58088208 18.19136040
3.46104490 41.90266520
27.65844307 48.98688078
12.38343347 6.44499077
15.90203489 3.29747842
23.51741214 8.93730105
29.96004397 23.82107383
33.98263312 3.91746275
23.02043220 55.48033631
31.86814772 37.52331868
48.43518930 15.44698962
15.22792956 57.58346380
30.74705265 54.54835489
38.35120977 27.01620554
50.24960187 4.01692935
45.90035923 53.11894146
42.94374518 1.12854971
46.35578435 18.11797198
5.92883085 55.97784210
15.35409248 7.98530523
32.09241006 57.19987268
53.65918393 5.04597587
