41.94278777 35.83044849
19.49452378 6.84632068
6.11709500 51.39461037
22.51216705 21.63834087
20.19594914 55.65332434
14.99161074 32.14664100
50.69930630 43.14865133
19.88208232 26.64300437
27.48560424 51.67299833
4.90563957 27.26611646
45.48528787 39.90575642
3.96913386 6.92887743
37.80588211 45.00560903
4.03143996 14.25537685
41.95761206 34.10592154
28.94546687 0.76925560
29.66391130 6.99355436
23.03285299 59.24682208
37.92533182 50.23541195
22.98721298 57.84266590
49.62996449 27.72702871
50.11418287 16.75280561
13.19150824 58.13084410
58.81346648 0.96531872
40.78422274 40.29981729
41.46997425 49.71031003
41.55823113 10.76309144
27.39885197 4.10167370
56.94882378 7.08545379
27.04326097 37.30580807
20.31415043 17.94884105
48.54875203 50.43791619
55.66129732 3.76577424
37.94664449 21.12211070
2.40903830 28.13921178
5.29021214 45.14718863
30.53347051 36.94438745
29.06094408 45.73345900
57.36780508 8.87065722
33.70231337 10.53123763
21.63629507 48.78594919
44.86142580 21.56251665
40.33434128 9.05148164
29.23888504 52.41275600
20.53110263 9.91392651
7.24414836 49.40111806
29.01766633 41.73369873
52.68844312 38.24986500
42.71236628 27.87206607
20.18464080 35.93775604
59.57496527 42.94374891
23.17891252 14.88279720
54.11877207 54.14150036
45.27642689 54.78565407
47.38302148 4.49351589
2.87897026 17.54541529
12.53068319 20.23135851
27.12373157 32.40332430
21.43706266 45.65566666
42.96124997 34.17929862
24.97273365 20.47319587
43.89545395 25.13648955
9.28977699 29.16698775
35.96275073 51.01624893
19.43167300 2.17526873
10.24798679 25.55701572
42.39129259 1.80560018
42.59061512 48.20393746
41.98961628 20.09061361
5.66845655 21.85088247
42.64161426 44.18011726
22.92986752 20.11518955
51.90482578 15.78479575
9.74916755 3.72407812
4.92595482 18.04707872
57.84686831 32.96466775
24.02934403 14.20259684
8.80290334 48.34028232
5.10771988 41.75075448
52.14723198 40.12273148
56.23160256 37.40000871
29.18940690 58.57563990
30.62127717 40.69077009
12.48570447 32.36253679
32.39153675 28.35356825
22.06047391 54.91413125
59.86989471 40.57931271
2.78694030 21.92584066
6.82087512 27.80233522
45.17755812 3.58255210
18.69160365 19.10063612
35.93433192 30.60872171
33.29520055 51.62162112
3.54226868 23.79417493
18.97662773 28.74481064
16.60619605 48.41373509
40.79469553 16.81678779
50.73833110 2.52901209
8.47627882 15.21472495
27.68854555 27.24966849
20.54445226 23.03974758
24.65967747 58.31736994
43.63290713 46.77314460
47.60630510 51.85458403
29.75847823 17.85789899
43.09553983 59.75874276
26.55450605 43.90635380
13.56203752 34.70535520
34.18534451 26.77254136
50.51468881 37.61728795
54.79224671 5.48506034
18.49109880 42.06327050
6.52006070 53.49857676
56.22110280 25.98364271
44.14592203 32.69016475
49.31986226 51.97091845
9.23903575 50.10223779
48.24402862 17.13267434
17.39676415 14.75373479
35.30356200 16.14444063
47.21550257 18.94758713
57.39384867 13.84386889
46.06454551 35.14730136
25.03062707 9.15488834
0.44226271 14.21955486
44.90064867 12.69114106
23.15332081 32.22031153
49.12787074 46.63538082
23.00990270 39.55044245
53.33771898 31.78676334
15.04990103 41.58685494
50.19670464 51.47494815
23.55599181 0.85960738
14.98254239 15.15121870
18.89939111 40.33055800
28.97585452 50.60641426
24.95250363 25.13428830
34.33883767 59.08499676
21.35604985 15.46810408
24.77994446 56.01508929
20.44088171 19.81932001
59.42405729 26.23906689
20.17893763 45.10065549
6.31139815 2.82282611
57.71627910 47.69217773
36.80966765 19.68733206
30.65023178 21.68296024
52.84071656 25.12351045
5.13696002 55.01754762
5.49580374 39.75719663
3.17552124 40.18501121
32.12394629 42.58001916
46.00471174 48.63702859
46.28904241 13.70194876
30.98352148 52.71407787
27.57419249 58.02397893
44.19915231 17.12668715
51.41605452 36.84904782
16.70681504 50.50174851
18.74757344 9.17743896
4.14775875 49.54061810
15.19248728 21.40842388
26.13846562 13.19212355
39.83330572 50.95865000
20.36471881 42.60978587
32.37270639 37.70397038
5.41125597 23.59122605
12.27953953 27.59795890
41.41630339 15.76798185
20.05010759 38.79980544
48.53256202 55.93309430
59.41744533 49.72042526
21.90426846 0.50553751
55.33681934 9.31392774
59.66518302 9.68794197
8.50942604 38.87607935
20.35573240 27.49826789
1.46668621 16.20493953
3.93925087 19.86110073
40.94986125 53.17067793
16.63645472 28.13143441
16.49604139 40.60946458
34.34295513 47.37785799
28.65241177 20.29189528
15.90180744 54.34209207
49.89599848 53.80549904
27.44377868 59.87118289
32.58854604 18.36748565
34.58695332 39.10278529
37.63952318 29.63973079
58.30317299 8.36202105
2.90200409 51.01675971
59.69412233 21.62276387
27.46296442 21.94377816
25.07658703 39.29262605
45.19089288 10.87892969
26.75314452 46.67934625
21.63806938 56.72395467
45.26292959 36.61651565
16.49099864 16.29892224
45.70887796 5.45768241
42.17534528 32.31655036
5.20111021 1.22497928
32.20925421 40.77873266
31.52601929 26.48594062
8.52369648 26.77603330
6.84451769 38.57661617
21.14171883 8.29235690
4.28504013 43.47819310
44.00558716 40.72156486
28.78810359 8.54802242
37.32002542 5.99822387
6.50454024 46.51663945
46.83664488 56.87245355
10.31507671 15.89634219
17.38827315 30.77869300
43.39040919 36.82456529
33.11899967 2.49136907
15.43476663 13.22810064
24.64130997 12.37943542
42.42622248 41.50315200
6.89668453 58.75270220
22.74782812 7.70360716
29.47983794 54.12469803
14.15039454 35.81959963
50.52695446 12.82702647
9.03348989 33.43213880
38.90268281 33.86992306
57.26357167 5.43460385
54.28355812 37.63945190
1.38486029 18.83103553
39.58631463 10.82458231
25.02831894 37.39673253
12.07045235 35.86528256
7.23238566 6.99297142
0.96508770 47.80209765
34.38606460 31.79865197
49.14728132 3.19764512
17.08913149 18.13132296
55.07295818 20.73007579
2.44819219 44.11861586
10.83518413 27.37881844
31.97306014 8.70484708
34.60065097 13.71978485
36.30091005 49.37406125
44.13536854 38.65289968
40.80012494 1.03200605
2.20934032 32.81338005
1.21431242 12.49991617
14.49098583 28.22656184
17.91780541 26.63562693
5.78459642 56.60747414
30.91325238 49.18603331
6.97262964 22.94618405
8.20423109 24.48922118
6.72524259 17.02646416
43.27234552 3.71551345
35.17446291 37.71255522
16.67209792 25.92157403
12.14326219 25.19146712
17.66822036 58.41686731
39.58016424 27.78387639
7.63346081 59.44750672
36.04265275 17.93673284
19.58460585 10.86525925
24.92988349 30.62882249
40.57437294 33.16146282
21.83589127 33.57795470
42.57402892 57.40681184
23.12835963 56.19885905
16.67590336 46.42247736
31.95333840 15.12323217
40.33075764 35.04296933
52.33709540 18.87402621
32.17322190 6.49853052
13.36846560 41.82961732
23.33913120 38.60358821
10.80360025 19.45719885
50.83450958 41.22252322
29.12236039 12.21921164
8.41997713 46.30892032
30.80847187 51.03694542
26.18452811 57.09482247
15.06817526 19.51318436
57.65987979 18.89911882
1.27099754 26.62698363
8.24019137 51.82582843
16.56444857 56.97574176
0.43886773 1.96937401
57.06572704 20.67124280
51.37404149 32.40852935
14.94666116 58.16366443
18.07948439 21.69503947
33.90024047 9.46133756
28.23237259 35.91914222
20.72638175 53.66408549
51.82949856 53.66590721
35.68538626 36.62303142
33.38335634 24.17425851
34.22742484 43.84334098
36.90502200 8.17234381
28.15478907 2.55579817
23.98857629 49.36571986
23.55768871 24.16855941
1.76727219 3.13445190
48.67953711 48.48623991
13.99394462 25.19900384
38.79915808 3.14259448
21.53082145 39.01139511
54.26959024 10.96734278
13.07829056 37.87298080
6.83671054 55.26187687
21.71354846 41.22166519
51.55916508 7.01920718
45.44305399 22.60235696
45.59295999 28.87273163
19.11506765 34.38003390
18.08204672 12.03713930
55.25884426 46.21049755
40.64361121 58.12638471
20.00673654 0.64918567
55.10760053 7.38801787
22.46150758 18.09250783
38.28448014 24.66119167
25.49191537 43.79733697
44.23373553 27.08838850
20.45559449 57.40618793
36.57235528 1.71708269
48.52457298 1.35356790
29.83885696 13.62375174
3.98425740 10.18594935
14.97545136 17.53110659
45.34976654 47.01208620
8.70866319 1.84163897
16.93780327 33.07951126
53.30629430 7.80843038
22.99790362 44.42526438
19.57752684 30.84776416
39.38992808 24.14563808
44.01186297 29.97016054
59.88987740 44.88017371
10.95425053 12.73629139
43.24493097 10.42207957
42.14004381 25.17473711
12.58731588 46.53133128
8.63899287 22.00306338
16.70709956 42.23484410
26.89734825 6.68693802
59.19394055 24.30862887
14.96119541 3.41063935
19.54071395 58.77324651
13.11690190 10.49997184
16.51780717 4.57149867
45.58618147 8.11422954
27.88163178 30.54006425
18.80812649 0.22563956
52.45139152 11.78632508
44.92665420 49.99209664
49.54800953 44.74679196
40.69592316 42.31294686
37.97450015 25.60407118
53.99219888 3.20504294
53.35527674 1.64267017
30.56640076 5.37501954
38.75483160 31.16389914
56.36702532 24.17731170
50.73342785 21.21405195
10.14313112 45.33729814
44.35699001 35.13931154
38.66879409 36.08860498
39.77375927 20.43168393
2.00789453 20.41359522
58.76955160 10.68500689
56.82004016 34.94096344
3.42003180 36.18975224
32.83939576 12.18744816
38.50360617 9.15172975
13.63217375 30.66416119
44.32165011 48.37852191
30.19434441 2.98755618
25.31549977 0.17030673
32.45490439 30.58348398
33.37309081 33.69325883
28.10754960 32.66043682
2.44592016 10.71375311
42.31980564 30.17745868
34.82599996 19.79348635
12.18720548 39.63088907
56.43460914 55.43095359
32.48803207 22.41037431
47.73923851 34.18382170
22.86281286 29.38913299
3.13116635 12.64913548
16.31592781 55.20678938
21.38546614 58.63900710
42.55808730 39.69884425
59.32179874 19.72564077
15.66947320 29.84361951
26.56994173 55.15790563
10.20946101 38.04716444
57.04012111 15.79219599
32.87647792 20.32529671
33.58363442 7.76790487
7.27061022 19.38502616
16.91212247 36.80280587
52.07225369 57.33249511
57.81371578 41.40936413
18.79927832 57.13993518
53.11801777 5.04739007
15.30836256 0.25287974
3.22571157 1.80359463
35.05732255 8.12132752
34.65453182 29.14363994
35.65339379 9.78145223
22.71861438 9.46028668
2.79688628 42.16073024
37.58701714 52.18883312
10.72134589 48.75467997
27.78769819 53.56920875
26.66396421 1.60005286
16.41446319 6.47642211
17.26785766 0.91828236
16.01166139 19.59240354
14.59925318 55.89868071
21.44539091 12.34457991
45.98870309 17.49896643
14.69728589 51.85062972
50.28509277 9.85876251
30.93728726 58.80416652
46.77157619 50.30682044
7.24937365 47.60715245
13.09026371 15.26667136
12.71852170 56.22436745
34.65326066 42.27061966
1.93146155 24.44420960
41.83178146 37.55529631
22.57405322 36.63584413
10.48283780 32.20416275
10.85416376 29.75935660
18.83768275 14.86173557
55.92107744 31.14025716
25.36498322 18.59990178
49.50862917 32.77766193
23.74911173 34.64665710
20.69065144 40.92528545
45.29542979 58.46288498
31.28088466 27.63434075
59.95359206 5.91697002
37.11943576 32.17511782
40.66224037 31.45864512
57.29459945 23.81855274
53.14944505 35.41686861
5.43200966 47.84266962
39.20005009 36.87199550
30.52235832 7.45499145
49.42636041 49.99890718
8.18581921 19.70826643
54.13497033 7.31975866
0.69864337 36.68510861
41.61951875 31.51830139
23.97573440 50.34142067
29.90863979 54.98826811
22.18811460 55.92020018
30.83172527 20.73889896
2.68358871 31.97525553
4.92846360 14.58778337
25.21434029 13.46867217
44.44381439 41.57928253
6.49243257 57.26025874
38.00362672 30.52856188
7.55362595 17.49775575
19.55384436 37.97046849
15.58497279 2.67138824
50.17434316 52.42129084
50.38511021 22.09064687
9.43344780 15.43615975
40.30534953 39.17162262
36.14839302 32.17099680
31.84082891 59.08581498
27.38172014 43.38826632
46.79592061 51.29284543
50.96919786 6.25515563
10.33737907 51.23150099
7.07929901 37.60894333
12.24177555 58.28865581
9.42694291 49.13121222
32.82068346 24.97393107
40.89396287 8.28963890
7.79899841 22.48245421
7.07596864 51.27765625
23.75253352 1.79181226
10.45844634 3.04606427
45.66053331 37.47005766
42.53437624 50.13851514
34.53940471 18.84572285
9.56075370 18.94973402
4.36768874 0.69486583
5.52497655 26.42104320
53.09428543 48.72495584
48.08847974 5.12825353
18.22716473 1.02581803
17.70940492 47.52633153
27.98473299 37.00470759
19.40373768 27.46268257
32.20283489 29.66221531
44.21217930 49.34271213
11.70000526 29.24359357
6.13251699 58.21826546
24.10209112 32.47030437
0.27426028 49.22030282
20.85972560 38.30186027
54.67829021 3.90277393
53.78198908 25.37241367
5.25171282 54.07217825
16.30750190 13.62142113
20.44065204 58.38011007
15.81032139 47.83126184
13.78176352 15.97925985
46.09804802 47.64746403
56.08495606 9.90279684
44.82091920 17.91567496
14.81218580 56.86095257
22.37963027 45.69895755
1.43668332 32.24249343
29.41122612 51.46993277
36.51433323 18.79247539
41.67139634 57.83429923
59.30301848 27.19359307
25.92909629 2.20125792
46.98124191 55.90837021
17.84024923 0.11392378
12.66664565 47.51516078
16.39543846 0.39054723
32.76626687 21.46410288
15.52008150 40.73259873
23.05568822 25.01255611
1.61864469 10.25625863
2.94222726 16.58933495
23.78009199 29.79903853
44.34424950 13.56574958
21.82449220 32.59381962
28.22772219 58.77508525
59.74672645 0.69229969
39.98319238 41.65144634
40.95697297 35.77028607
20.93489192 0.50660454
4.22785670 13.32726608
29.51785454 7.92180139
36.70790715 48.51020243
52.48674433 1.27889791
2.97979143 19.98551074
57.49046258 4.49353830
41.76830169 40.76962720
51.29815872 12.21581636
34.96300471 9.09212608
23.93738989 57.60868858
36.00497069 51.96216464
45.08867211 32.59835974
31.33815169 6.00139205
46.91904948 48.35385268
50.04444027 43.93081027
7.09335000 1.29328824
49.67540415 47.46153768
46.01656895 39.10396712
0.36482776 15.18054343
27.20760943 54.38945885
9.26984975 27.41197694
41.83057036 19.14828877
39.12759886 9.89789594
46.13231856 3.70627932
12.44346617 7.20337089
27.16091935 2.57832587
19.71725219 56.76964979
51.31153375 31.42130139
42.49918137 11.06819528
38.49001586 59.89886138
42.84359389 40.62856181
18.17465450 40.97264719
36.90960200 33.10863362
48.56173169 32.90325084
16.46683977 15.04658087
51.90664263 14.83907938
21.00116271 28.18311670
39.76113176 42.60960721
45.52851179 50.74353847
44.33049054 10.45026974
4.21926888 9.27137616
35.18082722 47.83495682
32.16314727 27.23250401
41.62843875 17.32847081
43.14492293 32.46351786
9.51499103 32.24446558
37.81276889 51.19495092
33.83752289 19.91019774
59.81901831 2.82418226
25.88396341 0.98044003
4.98751605 44.19409739
7.01498116 54.31614552
46.90848848 34.67206646
0.43898565 9.13799698
25.16404100 36.45812884
25.02466721 38.35093955
10.35459360 44.38729739
45.20383952 34.67361967
42.74960175 2.72416425
41.37506187 11.70084658
37.71877086 53.15308162
22.34818437 58.56017676
52.74277880 21.48913719
22.90604330 35.11061431
1.23609839 19.81078779
21.89907445 22.37517006
46.55192497 8.01919691
48.61049246 49.47765455
54.83965343 6.44910597
19.21712164 29.68244162
45.86207959 12.81768318
41.56890884 56.49583994
55.97246357 20.16632676
28.29403164 49.92606107
37.86865441 7.95079834
34.54660334 44.73353941
50.38978844 13.78080710
58.52109950 21.10073545
15.77156712 50.78444397
54.07604022 4.78985620
11.86990301 55.75108752
29.98296992 1.86842491
19.18520296 31.72075382
18.49047173 39.46570899
44.53722447 46.44248152
30.33258389 51.96779285
45.16939857 27.28397091
57.58156115 6.35912575
8.04089964 0.30811388
51.77446746 18.05138104
48.49886147 51.41636257
20.33557955 24.06715504
7.94906021 25.43478034
42.66611329 4.51116758
5.50263530 28.28554415
20.55035490 45.98800792
28.59446139 35.01024260
23.27796509 28.49369854
3.92101197 51.56540715
7.13997346 45.78240967
46.06808258 34.16704594
55.25063200 8.35315772
20.57046615 31.41612531
6.61272967 22.02820573
48.36470423 24.02231644
35.97295300 7.86630034
59.27079555 25.27670690
17.18988499 39.93214892
31.09696263 2.62129016
32.56738075 41.69180137
50.39495655 31.81590720
1.65151351 27.53622161
22.37181135 38.51799118
43.55893270 47.76211467
57.71565690 40.43279967
49.47077972 49.02042322
57.66650995 17.95497217
33.86682639 42.95011644
24.96284482 17.69572624
48.40485659 34.92353109
7.58565869 39.22212958
57.22128818 14.80860144
0.01193615 23.80230231
41.43220419 36.66282827
40.25728226 59.01050244
47.11047048 13.22265998
19.63572253 59.74496949
49.21598041 55.24716468
12.59397906 35.00754093
25.75395668 21.04509613
4.18249938 55.08458098
2.55799842 43.12004481
48.70554956 47.51196493
10.68749540 26.43522311
18.44048116 27.94472254
20.22538266 30.12869014
14.50936624 4.26901341
58.63217728 19.03218771
0.43920120 19.01870050
21.82082911 7.46018840
41.11189265 9.88925971
4.80424962 39.04120249
50.23059759 50.53663745
7.83822619 21.46578025
36.66517901 20.64524254
1.93461310 22.37576089
11.86325174 31.57773249
5.86352008 1.93803297
4.71335718 48.72564666
48.19854499 18.87528224
25.60568799 12.30222487
3.20769718 49.83876009
53.99678077 32.47410102
15.71743715 57.48164639
5.77438420 16.98155562
51.44817751 42.53977619
13.05743746 24.85491445
41.61455421 41.97402775
2.08653746 4.05033371
42.36639477 49.16709762
20.90318706 33.25638535
16.24806421 21.05366836
18.02906982 17.90877434
19.56881885 44.36369090
40.16165557 28.55526731
22.63325204 1.14982365
37.26472094 49.54102764
22.67435367 33.07223113
45.15229719 16.99288134
32.45695063 33.33828531
30.15002213 27.24875425
14.15862103 21.30477077
18.17228546 29.28338869
6.13976761 37.90229933
12.79556257 16.19785941
43.50225877 33.39140907
29.94792297 50.59225829
6.00572791 22.79620404
38.69184744 49.65980236
43.63629186 4.63526101
16.18540315 32.43650267
4.51957102 39.98191872
48.67628126 33.93515305
17.26382654 6.93769055
57.76764261 35.10211429
31.31772368 4.77036015
38.44482148 29.10497969
29.42361715 49.74296336
17.47002960 4.49576416
48.79987646 27.19381074
0.48864143 42.70541135
57.99625514 1.47135480
34.90992404 52.40496297
15.19069235 14.18652723
16.87618967 19.95889942
36.88322024 44.66766041
19.30696455 55.33115879
29.15733674 6.17325611
53.14177102 39.98449549
57.49118383 7.88798865
25.32477637 55.21441259
38.68863560 21.76579231
32.89959697 23.30013183
1.64566674 43.59991362
23.91067523 55.62327572
59.53944017 14.61729772
56.62168510 6.15319095
31.09191474 14.63690814
52.25344663 4.64564012
16.71927605 47.42818196
9.86921496 24.67902208
47.76969614 56.53143635
35.97559584 8.85089063
5.88672958 27.38196687
47.45645144 57.59835512
12.64099644 11.37020824
19.28084764 45.42435506
46.35550133 40.29962066
17.24771953 27.35324263
38.69120922 47.70481934
12.47491657 38.67262311
18.60038640 58.10696654
5.62865446 53.10168219
28.98014035 32.16570528
21.49747724 47.81750881
20.39185315 15.44224230
8.25968972 53.52353447
2.28402673 54.37216346
56.43441191 3.21979109
15.86339768 58.47275729
57.91732209 19.84491510
52.24447923 58.30921305
40.67408142 20.75573045
1.11922424 17.89903237
26.04288513 39.25750320
1.28650872 57.12951243
24.69470184 34.72273422
6.36753581 23.70839760
21.38323215 57.66801372
41.71833593 50.69261718
40.10466996 9.98960459
16.80079638 17.20984771
26.18740712 59.75104809
20.01526218 54.32799499
21.23615321 54.45134355
46.71614266 49.33019465
5.91997660 55.60879353
7.18844261 24.65968420
41.82322917 27.52999861
16.95431283 59.04448665
42.56567112 31.27549714
7.83482090 48.39014663
28.92602689 33.16160950
5.32913402 40.72411295
6.31014205 47.44139181
35.57605419 17.07888700
34.84689816 32.63010884
5.77364063 38.82303694
52.73185429 31.05736329
22.13565352 8.49531593
52.24308664 31.97877203
24.75467091 21.45320358
32.28073692 24.08145575
18.15176236 20.73457074
44.04552844 26.10782300
54.13094742 8.31418570
12.97492390 13.06964121
47.68168288 50.88464079
9.69072190 26.35266481
14.53287893 20.32726731
37.04551522 17.97180468
35.13972870 46.81181107
58.77830603 42.38966703
33.67886159 20.92565722
53.67310161 30.32204953
52.20869700 12.71102005
59.51018286 46.21838564
54.11401588 23.07419404
37.71563936 22.05186270
42.51895936 33.32391659
20.96534447 59.50602859
42.13556483 38.83418158
22.56350825 56.97747940
22.59814760 41.57768974
0.98290481 24.54437768
54.37744925 9.43170530
42.57993187 56.43385906
27.18620697 45.72994220
51.31518213 28.49446838
38.74457068 32.12556716
8.68337126 22.98055273
34.99699004 50.98276758
18.80316639 22.35502626
38.61125123 27.90938251
49.98210459 3.68906937
56.96042770 35.92294986
33.79449930 1.76106349
12.69894448 30.31875209
5.10260599 21.10618098
38.88349638 20.80721575
43.24202259 30.54833401
58.06315848 0.33312798
6.07141273 54.64362649
27.12689474 21.02604793
6.04632909 44.57043187
49.33923877 9.93420197
48.97218407 0.49376163
42.73114981 0.71724024
26.41062859 38.03649617
4.41570150 45.54198953
33.70824971 31.13107928
12.01199912 56.88794423
14.16783650 24.23539201
40.16950928 53.79274130
26.82005327 53.47807621
11.11338027 45.27950665
5.86776624 48.69561201
45.93724188 59.21605912
4.03576732 18.45504372
6.84488503 18.50566036
45.07023930 25.70725234
17.44684931 51.12792903
46.63278223 5.78792749
3.73788973 2.65782151
17.36562641 41.54516731
26.70986335 27.17903881
9.76558170 48.18605234
35.08479944 53.99375311
9.15245946 10.39555670
41.43494893 30.54683193
34.66384360 10.03292781
15.07756355 35.48877573
15.10341950 59.27126146
54.94027987 31.30155039
30.01974350 52.98676801
19.06889415 11.70005424
4.84199257 24.36769145
44.99158921 40.73568532
51.38000142 13.45242009
21.16677240 55.51622733
18.35359706 56.30064118
59.68110365 13.56590456
8.38624745 39.83615608
24.22491071 39.74552689
2.50192879 45.06264570
33.80050490 14.29966445
0.61223800 13.25569066
22.71251018 19.11227545
4.00431646 12.27480952
2.71139252 29.08104027
22.82620654 0.19508783
13.51591540 28.26244469
14.51948955 2.54716473
45.21859462 48.03439234
24.00135137 20.38992850
27.83934574 52.58900595
1.42907507 33.38906032
7.49828903 46.68901673
4.97300239 58.56231046
28.36937783 3.49966675
36.82256635 5.17534704
17.06309581 25.02693133
26.19711848 45.85083233
5.19543711 51.19291471
13.13341358 39.41305194
12.64295656 26.04465319
21.42724852 1.36517979
7.96362625 18.64672579
31.11544058 48.24946628
2.09217189 18.13099081
51.23329949 9.94014750
31.77025664 31.26907662
29.79285745 22.16067677
19.37912945 42.46847614
40.90283857 41.27801860
27.47501681 35.32563959
1.85170556 42.09563187
3.01791183 24.60364015
49.99851170 33.63751376
56.65065583 13.25436324
34.33255932 38.14356964
6.64688798 50.17141960
4.58452101 47.44194337
44.57338926 4.32236954
33.43429312 44.37523467
47.06111343 14.27734040
14.02454230 15.01398749
58.88381514 2.44436200
27.24453934 58.92762867
20.02412847 41.67070000
49.91023448 2.01008282
37.59193448 20.23609447
32.99456891 40.24457137
12.98035190 57.17406950
7.75553842 55.51239863
52.79629986 40.90025107
7.55332690 23.73410880
43.74739337 11.24447773
35.01952625 41.38073172
34.47470328 11.11832800
10.01447250 54.83313239
6.84915596 48.49155279
47.85736221 48.01683201
14.96780275 29.14979144
17.61003429 50.12868749
2.85959016 20.95831021
54.50744263 11.91013552
10.06867916 16.83779321
40.50208405 43.26332613
43.38091066 35.05159140
40.55337495 10.94934235
52.50375633 7.26103608
42.93138646 35.93460812
15.73490768 16.92974550
32.36420608 53.85103580
15.30017903 55.16793497
2.84251339 41.13142023
25.68711702 56.27933340
58.08217603 24.41470264
28.39437298 29.69422041
22.31387210 15.32132454
1.73677554 28.84782420
59.75982685 41.64040717
13.70737736 56.33455505
56.03976453 35.53513779
9.28052308 45.85063657
0.38529017 45.70745313
23.31307243 21.11196249
51.70600288 11.18228359
27.28191397 10.85793010
44.15901482 24.21185301
21.18687831 27.05041642
0.52855241 50.19661736
57.90109783 12.99989017
39.95559762 34.15256594
2.38944904 33.76649550
56.36926164 0.58270612
11.05877249 47.83189265
31.45690334 40.17281366
43.94205755 12.65046947
8.97870031 34.41198931
19.10229828 41.29236966
59.64971972 50.68284651
58.79583089 43.50564988
18.47513891 12.93017095
36.62739408 50.29460856
37.66304133 6.90507779
44.28725134 50.68682617
54.12612487 2.22903712
17.65419158 46.39608658
19.85252801 28.33269025
59.01515244 7.71551590
6.47833703 52.52701363
52.56778504 8.40732765
11.65912694 15.85765704
41.70845615 13.47975226
45.87311822 6.43239593
34.15803007 8.52203939
23.75948875 59.89485948
8.84370439 25.85530296
44.35153109 55.15779750
30.36178184 8.42802683
5.00806516 49.95879003
43.10806789 29.58965071
20.35877103 7.70935638
51.95606873 37.61807634
47.70947961 49.91104658
28.87291930 30.55987314
23.77673014 31.48075815
23.08729751 15.92383971
32.00142577 17.59173444
58.32576769 14.05148658
3.72732051 22.13644438
48.43730554 52.38190809
23.78229095 19.42677248
0.20661953 25.66267413
36.05040237 10.64228903
46.31239407 22.17226091
35.11667658 31.13577818
20.83700157 52.72746764
59.72845331 10.63208243
49.65926904 37.15297663
11.15329839 37.85943609
46.15012281 10.98453897
49.16212151 4.42522650
53.65446205 38.40258555
58.00219403 46.74585988
22.39331110 12.61068355
12.51236717 37.07414218
23.38828034 17.92026166
34.84915738 15.28906002
36.36911743 6.13382086
38.80576936 26.12039118
26.12492548 43.03632066
9.57506608 22.20666573
8.54657984 59.15732211
58.56262570 23.55937365
32.37129874 1.85717913
3.48635686 48.84503737
44.07074448 59.63597587
2.14855934 19.43469985
21.87069900 14.44953432
53.36773320 11.49521875
20.74458668 36.72269957
41.43622056 42.94752640
22.37812724 40.45793231
26.52680850 4.54754458
33.68693741 6.79106896
43.78376989 37.73782106
51.05374801 16.53449520
51.79376619 0.29393225
22.95494825 22.52611465
47.65750942 19.78886772
11.43446896 32.47284879
3.57394878 42.78825324
56.18780947 21.12832592
45.33219828 13.64502527
4.94001317 57.02766674
33.05276982 29.05419127
15.80097796 42.55880684
35.61729210 42.26191588
39.71752390 57.84451221
38.98882559 19.82990829
20.74180401 17.08095316
14.03592426 17.66309199
25.35953864 57.63182825
46.08000789 36.10292942
21.40381531 40.29341632
8.42046746 14.24818423
18.89960884 26.61088326
41.12697029 32.34748276
41.32145468 58.81408690
12.82604628 19.30051574
43.01481207 25.63268359
27.82772369 31.72022145
33.26351787 37.27877988
40.77438973 50.44771142
9.09762464 0.95254510
33.35064410 52.60976009
55.33675800 30.34960355
56.78304697 25.04788263
19.46507684 25.79066828
9.02550714 16.34624047
8.27352702 49.28148889
44.93763027 6.02475144
19.75981602 3.07759935
4.31944412 1.67886286
15.50317363 30.79830036
52.20771713 6.12551591
31.32852230 9.43743101
46.46982787 4.82187868
2.54435679 2.53840750
42.75014718 42.41596138
29.97285913 41.45417481
58.61634242 56.35030440
16.22317917 7.41784510
50.99208422 20.29459216
13.15287160 27.23287113
33.90774103 28.49757194
48.66963285 45.78962930
49.93373157 20.63675844
23.15045442 8.59078707
1.11553597 3.86732821
4.66146213 7.62523005
26.05540342 17.90804670
38.28947842 6.10505451
7.79326664 38.26825054
40.03039702 52.79994979
56.14260506 7.63181449
17.06602630 54.64483223
47.77072632 17.99123158
20.55292275 10.88361155
20.15986640 18.89869951
0.73637277 11.67696660
48.60015724 44.57748255
48.12022910 55.05779015
54.96239768 44.49057789
19.86883464 40.46821360
53.31736354 37.47920668
58.69848698 47.59273070
19.47830392 19.68784942
19.49650973 39.56126192
37.75868846 35.92036587
24.92375502 14.61788081
50.94930004 15.55490559
19.33070035 18.33308599
26.66712189 56.21327050
23.72969297 45.05925591
6.71977323 59.68167571
3.35226019 28.27497924
12.31190170 14.73279841
36.85479801 51.45473309
23.34532598 36.00362481
10.57329815 13.64434833
31.36931640 25.54033589
15.84463185 56.03846467
31.97872850 11.75795803
59.07928513 8.93231710
39.76744574 23.28402988
45.09572827 2.62954344
42.14661689 45.03960943
52.31985750 16.62187313
28.62819815 1.69213668
31.26845715 36.27467773
11.48310415 28.11835586
46.25415452 29.56152722
15.57530886 28.08076911
38.62954652 10.76055199
39.70371998 31.30824172
2.17823087 12.57728862
34.93042482 43.19268730
34.02892555 48.28711332
7.80198840 58.49682396
23.67073729 58.54940881
3.49060268 7.79243447
30.24972496 4.46209303
10.80481764 38.84234347
23.94509161 9.48264039
14.26269041 19.04636911
2.22197985 26.72629528
19.83906979 53.24830510
44.81365527 28.29373187
9.10772853 21.16190604
36.72139324 7.22023177
17.74558727 18.86405612
59.69350184 22.58987004
14.27894407 42.19441676
31.31505296 51.82755978
21.05296383 44.76294050
55.80796446 24.97446093
32.71980995 43.33279144
14.07231479 52.60535940
0.82705576 44.52689174
5.22056183 43.22072668
22.45535377 48.24177162
4.86045802 20.14510389
58.49469257 26.02063546
59.51541630 1.64941861
58.71860453 41.01594996
56.32093564 54.46404364
34.48245324 7.37641806
30.16988451 58.26783459
35.66055442 50.10271747
13.85266485 29.70650075
1.80854330 25.40702506
0.32059691 26.63862193
46.21309502 57.63391328
13.98662764 3.40500014
35.13435246 27.00301064
40.98123884 34.03656859
42.29867420 28.74616458
18.15706113 34.15997053
59.47694278 20.68892332
35.53174561 18.75970674
4.51256686 28.17679859
41.59899884 39.79807388
40.15543893 0.34297272
15.59284338 4.86325735
23.54221406 7.18790548
52.76700843 53.95538274
51.68119572 2.36150161
41.54607198 44.24232078
27.15989864 57.15221845
42.30617606 10.11636125
32.62510450 5.63359677
47.53096030 35.44644170
38.87389412 50.68533431
42.39823731 36.73958221
36.17073287 15.74545844
28.72360100 7.20415159
34.21292064 58.10509341
14.13494709 41.22525881
52.51602921 39.22104583
29.72877378 0.23749295
29.95892494 36.14220423
27.96554680 0.70091758
17.08603523 49.23844731
28.46597783 51.81637174
59.76505439 43.91212588
5.35773822 0.25957613
34.20633745 46.42462701
49.36095900 52.96295292
7.67991398 15.79052366
20.96355701 41.83726134
52.91825917 32.69281551
24.09316473 38.01005267
42.79886290 37.62474959
25.36905909 40.20493668
23.51018097 36.98289671
52.84262697 18.02825888
37.56929144 8.88043620
55.80347063 6.71648241
14.89889651 36.47150355
29.80065433 21.16465889
29.44968510 57.61219224
3.03042095 18.50601375
43.41267215 48.73313365
44.13160761 31.72699494
2.11613223 40.29702868
44.82639291 29.45517640
53.22106593 2.60418249
45.18751521 35.65079900
5.02240240 55.98774449
44.21029423 3.39582875
39.61026495 33.21331274
14.49242567 13.35089673
31.39791087 7.89277000
36.68788913 9.52803509
49.66245921 45.69960034
1.98194574 15.37893096
37.95456038 23.78759365
22.18244088 52.63639567
34.76828470 28.01588352
17.22295770 5.93258607
42.76886333 47.20218185
16.17246395 29.00054223
35.46988252 38.66985325
56.92704470 41.74844407
3.85970571 17.48282090
42.39224428 34.95487987
26.79881551 12.51139646
39.84002686 40.41654037
43.33854857 1.92196107
21.27120941 9.27617946
3.15916199 33.01645165
33.57842666 12.80526579
36.78834394 52.79060538
59.01991522 0.01025032
53.45683723 54.87177472
7.60281654 27.12009697
54.94106874 10.25035533
45.43309455 46.03806298
39.90300004 19.46160351
6.02501305 41.44128705
39.23043864 11.72243645
16.27230144 27.17883225
41.86047783 21.03240574
3.37764994 10.92865137
24.09436548 15.16071898
32.78911846 7.24412738
18.63572157 59.12022349
4.03680348 44.42635710
1.58120506 13.41265199
22.94503884 55.24770837
35.14633857 30.00948803
15.60496153 15.88398374
26.65099830 22.49159997
50.53431452 42.15682061
38.18805133 33.22043255
27.63810016 1.71779054
53.18073853 26.40777121
37.87072929 31.58528894
24.95243670 10.13688737
22.89199821 34.11686021
40.14678185 36.92290891
33.96062636 29.84921428
41.85237444 47.57570937
33.72635985 32.76034099
41.31939128 24.69288639
13.25487228 33.77420818
40.15553755 32.28888660
16.32415569 18.70754171
40.80557268 57.19186615
6.16348470 45.61519394
13.00163566 59.08214506
1.48872586 45.73619787
31.59210697 41.53852265
15.80335461 3.88565854
34.55987021 16.74878435
30.23810060 6.26519071
36.62643896 31.30760633
35.81478175 19.78917307
24.21182744 13.26106220
50.20221131 10.81967286
21.64479392 18.63333820
19.55894245 57.78337307
4.68145187 19.17619167
31.06481571 50.11783251
3.28755472 4.12572160
4.44574290 23.45831154
11.24087032 35.35286805
19.21152405 1.14688191
22.05802263 44.75564612
50.51081119 36.59628397
45.76129123 10.06620751
4.39473343 41.07851008
27.64564480 38.06078745
15.62051620 12.29774471
28.95211169 36.54860338
26.60868290 57.96766084
31.08713426 53.65016211
13.10813226 31.49444482
17.64243334 42.50653649
44.81643737 30.50298453
19.00892725 21.38450437
57.28555662 33.90190625
58.00989467 15.90577929
27.24849446 36.36062625
47.31231161 3.55350490
28.66470949 40.86087651
14.92123630 54.24894762
32.43585466 52.12064779
3.01546439 51.98959439
14.07726272 57.73422927
53.82916258 5.73202670
5.05145947 22.62139913
58.18953812 9.33936327
8.21076501 47.38074645
17.24829945 15.70643279
19.39621485 35.35791733
16.84628603 43.17611553
17.77818158 13.89329662
11.63651874 40.41396585
28.50021660 57.84512572
10.31285518 33.18882849
16.67512767 37.76730692
8.33641844 27.74995653
5.33981355 46.14017806
50.46591871 8.91984609
16.31905722 5.52050410
43.38416225 41.46433512
41.09996870 38.14900896
27.71001202 42.14002647
45.13215038 49.02760024
20.71327967 56.48306446
38.90165364 37.76458961
43.31465301 45.87350971
30.14948136 48.57831727
55.30181612 26.29884619
45.01318338 39.03982521
43.98596421 36.03255572
0.80630299 2.88941081
0.75426257 40.99258154
56.95702526 32.52095412
4.33287649 30.81473299
2.56768852 23.73241161
43.86843321 0.62245234
50.48033483 32.78510429
53.00795950 57.66812878
6.70379315 26.73319544
33.75248899 41.95546499
11.54395657 20.13381029
54.42545176 45.69114481
58.78674825 22.08793332
31.48866657 37.26912511
26.85791899 0.64546038
36.05520125 29.63682731
3.88059160 50.55070827
39.50935336 35.59290331
27.54203410 55.32312243
14.01439134 44.97593201
50.34579566 17.72216998
32.95261600 9.44946628
36.85317075 30.22513676
27.81246086 19.78389388
18.36917151 30.78117911
43.95128735 34.25802754
32.57067934 26.29082022
26.76523739 52.30075277
21.39752505 19.92787377
49.74289428 42.98373728
51.78540194 41.02793876
44.45752935 47.41075806
9.31589186 44.82787416
58.46011858 53.55115527
36.55667987 17.11404944
45.11916601 55.76946105
16.50805881 51.44979119
46.67612524 18.16257417
51.75113738 54.65806953
43.24631385 17.00351640
17.84246050 57.46049519
49.01214121 38.85659015
28.78875149 53.26790954
34.87770340 36.09231874
45.53053417 4.51015005
3.93388727 27.20579000
55.93369199 23.34885444
15.50682706 20.40521335
31.60588627 21.95483086
27.89808097 8.88784685
55.33749476 4.68428984
17.62038141 37.47917311
29.18467856 42.66884859
7.58405439 14.79754304
59.77283938 48.36127933
41.41548799 34.91492457
47.26940162 17.08751879
41.63943696 48.54121333
16.03588492 41.55418779
30.95311022 59.78256249
3.58759512 15.08753771
29.28193613 2.61972517
46.00029480 56.41048248
32.77342187 31.50073732
28.70475190 19.29578399
17.79614409 9.40389170
51.08359252 51.82290288
3.06920405 22.88062902
37.15529249 28.81505964
26.07628195 37.11052289
55.13914059 54.53738897
19.73874927 17.16040062
51.75774486 38.59666566
4.77724248 17.08614567
12.83699072 52.12080187
3.33606441 43.74153907
38.54502985 1.69225215
56.10102752 34.31051208
33.40039368 47.21599991
56.24638195 57.81530172
1.97756882 11.58425414
30.79110867 22.63530694
11.65355961 26.84561353
21.84861800 42.21035162
56.48487327 4.84208244
42.96144083 24.66205854
21.62646904 17.61577991
15.94338455 39.79788093
20.22594327 43.54679829
50.87262310 53.94162934
16.82882270 56.02433009
51.05987979 44.02827872
43.53237966 9.50538985
7.23510365 2.46661887
33.10829978 0.86844211
46.20183194 28.14756704
43.20881602 38.95148464
37.89226224 9.93921444
54.40184391 55.19066532
46.24098902 46.61575995
27.15860226 40.34874555
50.77627907 1.53252928
4.73097651 10.80107051
1.97231574 21.37316689
13.99776209 58.70685789
41.90514860 26.10816752
20.64187906 20.76218298
10.46911704 28.27510212
55.14498670 37.16509902
3.66326886 41.74461855
9.37699706 39.27709416
24.50720902 0.69312531
28.43799138 59.84239414
56.43278708 8.71784122
56.27390044 48.64449783
4.53225836 42.51350847
54.07055447 1.00598974
41.45801788 1.69723347
15.69920334 48.81456622
58.22477323 5.46542199
33.00070705 11.20529423
30.02372867 45.83744368
24.09939996 11.59934973
16.02384022 25.19150530
1.46745810 2.18207230
33.42323899 58.70378172
14.63377602 22.20258224
28.06590568 50.91035232
18.40277899 15.74212932
2.04340272 17.01637135
15.54280219 53.46574549
51.78163157 35.97158834
50.29252255 49.56332425
56.97154257 19.58742107
25.13693478 42.89345136
48.92562950 2.25210479
24.95906319 59.25359597
7.41330883 7.93143694
9.27692485 38.27495437
38.94828702 30.23110770
50.10362506 46.57535242
9.15866678 52.15392628
48.46583883 16.19535685
20.87854384 14.58689723
36.12080307 37.61501289
58.03674472 11.28819381
27.47795978 7.47004767
22.09054977 59.52930651
38.53054527 34.75094317
8.32757675 28.98491408
3.27588910 13.61692959
12.65070195 42.44627888
44.36134099 36.93655823
43.51146823 39.89582646
7.69564919 6.14254945
8.10139942 33.74896429
21.32500588 34.39765489
40.98358490 19.81200282
16.60280359 30.17769378
55.03137773 2.99690917
30.75055885 35.30097717
44.50397009 39.88036813
47.08330179 52.65285402
8.82728800 50.98400284
5.89045409 17.96749594
15.45945191 6.47549876
46.03220752 14.62928525
43.83500922 18.05145786
40.14043998 1.76525882
51.99775418 23.98896961
29.06615177 17.13932270
43.25313905 27.06492886
45.16943006 53.33372335
17.53034269 22.47116132
40.40555425 30.53302936
10.23212527 46.28832001
52.27808885 25.93223719
49.35979538 50.97957591
6.46029419 39.50458423
27.19922613 5.34995449
6.59352256 6.26647669
48.74780172 28.19373917
31.45303514 28.58114561
16.19613510 49.69440027
41.55497516 33.22784358
6.36496310 7.40935433
44.01035385 22.07234422
55.13162514 38.15406054
46.04440280 16.53554275
35.40855477 49.05356604
23.78151704 33.66793590
12.92778767 40.97187874
49.20300743 56.60724180
43.68247245 27.94777046
26.75234863 49.06377464
22.28201582 10.30855195
39.93603799 49.95493663
11.19833019 25.36622763
2.57448620 39.41493795
26.76148859 51.03762027
8.18573313 7.15331083
16.45211920 1.38851947
16.77928285 3.65341481
20.71121315 26.18770752
37.85973765 5.17625454
24.01089618 56.60663243
32.48820481 36.66111405
49.20785362 17.10916451
13.27146495 55.43941475
28.50587302 54.21134301
39.13840417 25.06691184
48.34949397 3.74578479
45.88557306 49.82546851
42.29604416 3.60088967
44.01066470 21.07593188
6.68864342 56.21847433
13.69513332 11.30999287
29.93766439 59.20917519
53.41629718 4.01436958
