41.68570924 35.30381077
18.47065899 7.82863128
16.87675174 45.46277991
23.02863955 25.89339476
22.72573812 48.25984480
11.85609446 39.13323922
51.43904794 42.09827996
13.79472422 25.23391963
20.16581734 58.54265617
56.03463042 22.80729931
47.04518905 36.38375757
1.98942723 14.57259805
31.87771950 50.83976163
1.60097907 6.10284515
40.05662583 34.28657075
28.75447412 2.87012654
30.19754544 5.02214931
24.39225420 52.98153656
46.16017757 54.41239113
25.12842478 58.90677712
39.19016307 29.32993053
42.21374250 15.81484780
11.13977545 0.33797999
58.63040680 2.75062915
43.31881159 40.78098522
41.96323905 50.37809622
37.56613449 12.40212222
25.60219509 2.48940567
1.68672153 7.48159948
25.05918788 40.72181703
19.62223802 18.45174068
49.68146380 49.61577440
58.98602202 3.75766537
37.86749304 19.39946187
59.14380050 35.08538230
59.90626948 47.13009419
27.98603903 34.84432353
33.94966081 48.62357676
56.84171669 14.45946974
26.63234079 17.11200256
18.19874681 42.05477694
46.87275930 22.88140578
34.45749400 58.03650697
31.14174393 48.26807926
20.29025280 14.75221925
15.48781557 54.60307150
22.50361996 44.62370399
49.56423578 34.11029600
44.47050215 29.27201216
9.84534279 34.24502980
57.60619336 42.52699300
21.36785889 17.32038528
52.74632452 45.11604872
38.22263258 54.62033540
52.59852791 5.78318772
4.05882011 29.06519346
16.59067855 19.44248485
24.14749987 22.89988871
19.08206686 51.60295994
46.33305240 34.60329996
41.56663998 11.97465228
41.27194067 24.59102232
56.24198318 32.07079067
30.45856078 40.72207163
23.84886395 7.49003880
8.64983402 16.82422148
48.78305483 0.56993935
36.24902757 43.87303238
45.50028507 23.98486347
14.02138792 20.30150198
36.92855040 42.48397587
30.42676800 16.14278867
54.68012399 14.34799696
16.69471289 0.74818020
5.43809872 15.60496745
51.80355670 26.05025095
27.14203267 14.18965195
19.81047586 43.11594543
1.82277602 41.42292987
47.27009051 43.31449169
0.00852839 32.26395135
32.74626768 52.55891473
26.71532700 39.88347372
19.34255529 31.41224901
17.83144205 32.70867199
23.08728603 59.74488057
0.27223787 36.38306103
55.46815130 16.40594286
5.40640626 35.81748377
34.58610689 11.27142087
17.08372352 24.34563050
27.32450296 24.71559470
38.90379305 49.92774630
58.00146194 28.51672388
18.79558653 25.02221769
11.63571651 52.80503207
45.15483074 19.18462051
52.76774585 58.89267735
53.87634553 14.93404168
15.36459439 23.46549656
22.00411638 22.00523495
25.33325022 57.93565579
50.23051883 44.96701200
45.30252701 53.85666887
25.05618759 13.38963178
42.57491566 2.98004722
27.69013647 47.04802976
24.66996861 36.92921595
43.68563489 20.80069276
59.19135916 48.93225118
55.97024693 58.17914724
13.84639261 47.57089810
2.61664649 52.29911459
0.39335356 18.42414108
45.41397196 30.63950565
49.17386433 56.85760047
15.53437914 47.68227813
47.80973266 11.96762867
15.01673871 10.22037231
44.54252429 13.31051533
45.60746349 20.83454373
49.78421865 5.44422870
49.84834134 31.75097204
30.08812784 8.21278375
57.94812016 5.16402157
35.51526161 9.48217026
18.90037896 30.44115207
46.02076293 48.59423435
18.72829371 46.19164151
2.74996240 37.23361967
7.04766107 40.06131609
51.63393672 57.60473410
23.15919761 9.51155415
3.20967875 0.11392968
15.17744475 37.47001711
23.46077270 50.00089233
25.22766342 20.24181177
33.13601780 49.17357040
18.86068816 13.55693843
31.53864222 59.15186562
21.24590193 25.22478910
58.27480210 33.48965131
18.16648311 44.63079938
7.53442117 57.52969924
56.20599538 48.89928338
32.90410475 21.47790313
29.89005123 18.32933314
51.34452303 20.22153763
6.52374793 52.12332099
3.30000948 40.05773191
57.36959890 39.75863725
32.27311694 39.42142649
45.99829819 46.51252394
41.52792918 10.55254424
31.57604098 55.13088755
25.78540993 59.65160510
48.46475098 19.91114392
48.43328357 35.71278862
14.12532046 48.93746686
15.75699591 8.45491843
57.45759050 57.27530825
12.90674756 18.38861233
20.73003673 10.62704936
47.85386426 37.59624590
21.90919242 46.54642011
28.77706410 36.71554450
7.87123114 26.25292745
1.96076294 32.84040840
46.65925097 5.78219418
26.52435068 35.01132649
47.46475646 55.90938293
55.70336168 57.21943155
22.35928630 12.23600054
58.26086475 12.79237314
53.96792697 7.83860260
3.38372690 47.76506090
25.63729611 22.98624339
6.97863330 20.32731150
16.29942844 11.02724824
40.26305789 52.50270901
9.76941805 26.39704072
6.14186034 39.65335403
36.86809992 48.40050616
33.83028685 19.22833438
17.57678919 52.47634632
59.01064023 47.55971404
27.68607629 57.46869465
27.97149904 4.88356430
23.56338060 41.89581663
36.24817678 22.58550060
57.78993160 3.37755246
8.47498726 51.78237195
54.89225832 32.07715271
26.28104612 7.30530130
31.28711656 35.72098997
4.23876754 14.07253608
27.00870220 35.87325740
14.05789478 57.06366258
47.94622529 45.97777203
20.51510170 12.86732757
40.85572212 9.30980358
44.60045548 31.15965557
5.25453719 3.08049050
37.61124404 35.34589652
28.47662382 9.10995425
8.02606031 31.71096873
7.28087415 34.11110427
24.97876857 0.22408906
1.36921508 42.27783907
2.19169118 38.45013849
24.44316919 17.37788626
30.23809804 9.46658071
11.09696927 35.41461881
49.79598486 52.58662058
15.49646231 12.58740676
11.77464056 28.38464524
42.89217142 38.95136817
36.19417966 59.55375407
26.15366020 5.37367246
21.21020064 13.58786894
45.60903058 50.36503954
1.37800184 0.48162725
17.55126320 2.57597369
17.36456375 54.12376036
20.45819712 44.89173343
47.94873835 7.03389918
53.12115134 33.19994152
35.56083860 29.59753084
2.41566372 2.46987053
3.72832908 43.47680191
1.67145411 20.00208104
38.70398729 18.23474795
17.64600108 37.84881197
21.75831911 42.67873296
7.17608606 5.93419796
59.69766153 44.20264745
28.42270844 33.00249238
46.14851827 9.72267494
14.10264493 12.26723221
51.08593029 14.52756146
0.16452303 48.99867164
8.46913061 37.84547847
45.03820814 57.13858127
39.33273977 15.89581822
42.61257237 43.69565705
49.97963495 40.89760168
46.49439645 58.41641225
2.68446347 31.05220523
7.89508402 14.50135837
15.86271752 34.41170324
16.96312166 26.52997575
5.92108721 56.50870602
20.85384891 51.09892923
5.44800489 21.85239140
6.17378403 26.51117949
5.19084097 20.79527081
39.88170272 10.93962130
34.16110628 33.61930719
17.77450104 16.77146414
14.16197386 28.50230401
14.44238653 0.12343248
40.30254093 24.44682993
17.77131556 57.96902320
42.57040160 10.07159340
12.36648678 1.83232010
25.42538439 25.69160611
36.48767345 33.44092785
17.15909976 36.17604575
1.73997549 53.35982881
27.58559121 54.71055556
34.51853401 53.63199184
27.07287779 17.97688678
39.00483584 35.25837425
55.02939189 21.12571875
28.13492419 6.91178249
12.36798536 46.30907536
22.07842739 36.92661398
10.13854285 29.40038824
57.52810429 47.60451888
21.14645703 5.09022632
2.34433692 54.14801012
44.95201554 55.76734173
36.40733154 58.33370650
12.32614750 26.58538197
53.15388441 21.22787754
3.03006863 25.36333959
11.90778748 37.12593679
17.46449205 0.11957129
57.86324343 58.20640738
59.44589400 20.12407917
48.52752975 39.88393322
14.03091915 54.23809828
19.56551280 22.67433166
36.51805567 16.49627445
35.88325610 32.54959914
17.32997857 56.20633415
50.70758503 58.69148968
31.54674505 33.53066470
34.59640547 23.04500874
27.53131873 45.17688588
38.08458975 3.66346933
30.42732291 2.84669946
26.24704093 55.89775147
20.78395987 31.48903529
3.56965037 6.99052526
50.76138375 48.05674498
19.99080776 32.09073073
46.01596188 0.77516800
20.19162275 35.95900893
55.34932936 10.18808891
8.58606098 39.09655541
4.21946541 40.52680724
23.31490667 57.45415621
53.47292288 56.95113928
45.92118453 11.44670111
49.85188526 26.41171987
19.49936750 44.11143542
16.95625503 14.04373854
54.35147667 25.63128123
32.50300901 57.51153531
19.20525115 59.29299367
50.63250527 10.33623289
23.13425969 23.04867820
36.29213484 10.98457664
21.96904015 49.50433851
48.72857832 28.10589391
12.46562868 58.92187195
32.05806847 20.60548991
43.54570484 11.59785083
27.27946561 26.31876626
0.51959849 3.00656309
12.76789685 16.36955743
48.10636843 44.96612580
19.39014160 6.31859072
21.46180914 23.95312354
59.59258820 9.33869709
25.84298241 33.65066604
13.23624957 35.36910388
41.12158972 16.55122329
49.91758956 24.53691834
57.88286756 50.71403684
59.28328512 14.43104003
47.93616519 11.00775753
42.30193547 22.17738351
11.70834798 54.06037487
12.13039036 20.03513124
17.07500706 43.07149176
25.82115422 3.45536298
1.75594254 26.69613635
13.38601908 5.51217009
24.71283884 57.18848699
14.67977627 14.42075605
10.80268923 54.44184501
48.19161483 54.05949323
27.56282388 23.76475529
19.79924967 8.29277762
0.26581900 12.81261725
41.54769387 57.56333990
45.20045967 44.28476610
35.07491759 42.66608929
40.03713944 30.14562577
51.83702541 9.12225849
57.56906474 55.27434497
38.34309380 6.10468917
38.74758555 27.10029006
37.20909140 18.67830493
47.98149983 13.54595443
4.37732615 38.48542503
44.81614862 35.91994784
32.44381646 37.48906820
34.10017105 21.68354560
2.35287301 13.35791826
57.76102516 15.55857635
0.84146079 34.63325673
6.22347440 37.72554488
23.76970816 12.12235253
37.82783699 15.31456603
0.56407450 28.18415428
41.99297131 45.71255455
29.06344998 0.49697728
18.77690984 4.28415395
28.67262887 31.09286746
27.00237282 20.46867956
43.02191792 36.61321186
0.39222113 4.72579100
40.76997100 31.18219411
27.99383546 22.25736761
9.69290944 40.67783594
44.70468312 5.14095040
14.91790924 26.61399035
54.65894183 28.76997605
32.44018729 34.92021978
56.80531753 15.41643821
12.55945519 55.18498098
22.41711446 3.12078583
40.54905363 41.03903576
46.16611922 13.03069227
16.54531756 20.48498107
29.47383487 53.44664556
3.73996211 42.17151382
9.33184870 11.70011577
35.67204227 27.50908202
31.88369158 9.34436981
7.06179607 16.49341266
18.86390427 43.41322984
57.75532750 9.95121740
47.11306445 29.18742279
18.09244450 51.60022316
0.44742981 59.93384859
22.50368841 58.64702899
7.86618818 4.05583087
46.78088723 19.39159598
30.74551549 22.78685806
34.74899444 17.37738413
23.31969224 13.95818005
59.20022585 41.80421779
36.61594953 54.39666398
14.20096921 37.18354375
28.12236548 43.57565582
26.51841902 1.47808005
16.01307036 10.08298192
17.40910606 9.20381503
14.94287094 18.49246154
10.56799203 46.20438962
22.56509735 15.68883849
36.99560427 7.40969459
57.96392972 53.07105767
49.91312591 12.24275392
29.76420861 55.94174080
49.53154465 50.86327117
11.62915348 42.95635770
18.40736572 11.07149827
10.86817540 58.18551208
40.98153784 36.53011959
56.47888088 18.92732499
39.73342486 39.15889972
29.21083970 24.16940200
2.54394837 33.63561684
10.50129656 27.84134821
14.72125668 16.54540714
54.16768252 23.30891317
25.82716869 18.40090575
49.63658219 29.26318908
26.69626257 37.87435765
24.09179082 38.56536884
51.44670581 3.29678770
40.76284747 22.71384597
54.92972061 8.03691306
37.57171338 27.95211323
43.67839929 30.77259808
57.07019860 17.03105986
58.03558173 36.23205586
7.06178236 49.06833309
39.15433174 36.66476924
24.75185703 4.52441485
51.91823868 49.53410484
11.38146310 12.30272641
53.09825708 7.42551639
53.19573285 34.16239803
42.92126290 30.22745290
28.78274355 52.77312832
31.75525555 52.56809976
24.35570481 53.93231891
33.30540589 16.64318151
1.85190858 30.51880205
4.93692894 14.75523545
20.07406603 13.76280021
52.17628296 41.44867017
6.70230716 55.93854491
38.66245393 28.49655307
9.68958123 17.28286442
17.90858963 36.91312076
14.26773434 57.99895290
51.05297110 56.85916352
49.63247669 16.90365342
15.10762943 11.17097735
41.15856535 41.77120101
33.63509449 37.74244523
37.02320578 59.10765390
26.35162341 46.44856153
50.03956239 51.65014342
44.25158958 5.97506891
10.92272758 52.17462986
9.20167138 33.51768531
10.64710258 1.18394368
17.62466566 43.86965331
31.72018286 26.42209873
42.25949522 58.22848441
7.75833557 17.17613610
7.51951445 52.12482504
24.14709587 9.49625670
13.25735170 0.92084424
50.69721377 42.94148731
42.32977810 51.26028089
35.63190169 16.92406012
12.00392834 19.06179288
3.77698336 58.45254161
1.03365830 27.33303319
54.43344963 41.26342952
46.95683156 4.85387023
12.93124818 4.63903291
21.03632000 54.38130182
31.53450589 34.51224627
26.58735644 25.30166783
28.20167147 30.27211536
41.75313176 46.73522155
10.85090464 28.72067188
6.74813957 56.98625071
25.11639201 27.61787303
57.10821884 52.59858412
19.90572948 36.90534246
56.94818251 2.96546988
50.56048663 23.81120994
3.28454858 54.01981344
17.60375042 8.24585852
17.41272656 59.14159459
14.66196285 48.13785867
13.81812615 13.96468915
45.89767877 47.63249159
57.72101460 14.12854994
47.80240909 22.70831157
12.89970217 58.05302872
18.62428479 50.79979408
58.22231778 35.30252379
31.20390309 47.29291871
34.93038777 22.15322072
40.49041551 55.96004511
57.50242011 32.93390320
23.35848022 2.98186056
43.28649783 53.08872822
19.86421947 5.46519475
16.39193951 54.26964264
15.95871061 0.16646010
35.45381713 14.16080641
9.43934686 43.66818439
15.06870291 28.91655551
2.59207344 7.09253882
7.04811511 13.99986600
14.95653715 27.89888402
45.48687843 12.33965404
19.20952565 36.11488249
32.19770509 58.42615501
0.12115712 0.80895993
42.52569237 42.74211293
40.63926320 37.43298983
17.80843545 4.42749301
6.42353084 9.64779612
23.55630050 8.57932311
39.59233934 45.23366491
53.45451772 59.57930481
4.57849571 17.85469191
55.81008910 0.49485069
44.25411472 40.90634369
50.21977532 13.16563463
36.30135150 10.02780071
25.45915751 56.55747707
34.81836365 49.07772674
45.33732460 29.71614670
36.50241998 6.53010928
46.08977201 49.54921835
46.70163239 42.56485090
5.60420427 57.91173693
51.72842062 48.09584878
46.94636163 37.31406801
1.63106038 18.01066932
29.90676300 54.28634844
7.77246347 32.66733734
45.12823410 18.24121310
37.63462518 10.41082291
45.52500050 4.67968188
7.00198393 4.47822805
28.09721084 2.16325925
14.58612603 55.01046241
52.78786737 26.10662304
44.02522376 12.47231862
38.05961202 53.65823407
42.37521959 40.88791187
18.03811557 42.98620972
34.35581956 34.54320062
52.02683546 26.99725271
19.42582920 10.72236657
52.87272546 13.90514914
23.08853960 29.55414911
36.04706867 42.90471122
47.14857905 54.27560384
45.45035635 9.04670381
3.56494395 10.00306636
38.16142379 48.59945652
40.21145178 23.49639818
44.96285477 20.10810034
44.50203259 30.24366537
6.59968638 33.42958883
46.67704692 55.26840814
33.01543147 20.53065772
1.78489273 57.37727433
26.09294740 4.40536776
5.12927767 46.07894416
7.38458424 48.12769503
47.99647482 36.60757565
4.06184484 6.17845919
26.69567812 34.09568466
23.37886387 39.22416918
15.12300467 40.59262242
51.63529823 29.30937618
34.66065580 2.95887501
41.47758552 7.22274002
39.69181044 53.27385344
21.59202270 58.31904128
42.28445507 23.72178366
26.76312482 36.83109783
0.60780434 22.07520257
20.53683175 24.22383641
53.52760341 6.50877575
51.13692164 48.97894690
55.82947216 7.77194195
19.86615934 30.67369787
45.44501974 13.66526673
41.20355774 58.46593159
56.80615824 17.99441553
23.64635420 47.97739104
39.30397627 6.13340723
27.85982627 40.82309770
47.02417001 11.39494767
56.35007129 21.89894610
14.24528280 49.89056741
52.22591619 2.77985676
10.72493082 57.23760052
30.74695127 59.69720358
13.37690749 31.99112756
19.12658132 42.43912093
44.94962172 42.68952052
31.52070557 49.93753653
46.40143000 26.45783347
58.17221324 4.23415513
13.26898278 2.17856208
46.96283925 16.04172510
50.21247471 53.44978449
22.13372058 27.53009393
6.16072385 27.49506435
38.26600864 7.14151275
2.62753418 26.25570762
18.63396351 48.63773516
26.66898965 30.62223694
27.03506337 21.97120617
4.93978361 52.76984228
5.84753743 36.79642703
50.47341812 32.49729297
54.68392824 7.12184820
21.27793243 32.32281070
5.08705142 19.84837790
51.22215783 19.25288790
38.01718218 4.63052858
57.50567219 26.68079562
17.75221609 38.79663365
33.00940859 5.40258758
34.21332702 42.21128420
50.10915931 30.81139998
56.56283400 35.19463082
24.47827413 31.09964762
41.24417084 44.96886660
55.04490656 39.70218922
52.60408200 48.83666422
1.01980514 19.17342922
29.81913535 43.49791572
26.19679943 13.99858751
49.05530706 34.94596828
0.91098450 41.05701348
56.46582193 16.28188999
54.08158371 20.86285492
40.72866855 35.14250323
40.10097576 0.59711652
47.17509826 10.37454346
16.64917050 2.21003797
59.85021729 52.41113212
16.94782404 37.11783648
26.32578658 19.22418355
3.23253834 56.34745325
1.78690982 43.12187664
47.02005063 46.23261353
7.09897352 26.82521830
17.96389213 30.16403683
19.02996391 32.29953509
12.41367816 5.50890635
59.86618587 17.62558241
59.68276635 21.06421779
19.36802023 7.41243667
39.94804012 9.07126860
1.73965255 35.07253498
52.12851600 50.47008907
11.14507119 22.74427243
35.49086793 23.43352024
1.97321305 22.18824451
6.19800974 34.94129499
7.10433531 0.89318663
6.11853529 49.25936858
49.00251791 14.01888731
29.44441130 8.94697353
1.67723975 52.43116609
59.75978432 31.30670174
13.06932699 54.35096120
7.84742285 19.92564115
52.20612938 42.65250239
8.81641471 26.22240109
43.47110049 43.22914550
4.85910828 7.27549129
41.06292986 45.95298516
18.42217999 31.28222637
14.77323505 19.68648824
20.39054756 19.01645375
17.78116477 46.49930739
40.64753345 25.31968859
25.84820065 0.63899234
39.69528900 49.36504636
21.38330663 29.43294062
46.04455811 18.79373867
31.44717604 37.56850494
28.25563145 24.44397152
14.27409457 29.49393848
19.10770620 29.51545055
7.65795102 39.32539622
11.35297852 13.87979270
45.14733387 31.88460563
26.36364786 50.14845742
2.89069216 21.10714498
41.89378312 49.42781435
41.16951602 5.66686554
17.25585789 27.45806816
56.59240962 39.16830041
48.91126145 33.37227014
20.58514872 9.64493832
4.06008515 39.45650736
33.73967930 1.47973772
39.54716884 27.61691412
30.26474147 47.58154646
23.47274860 10.46110514
49.10948640 20.63471048
56.84076721 45.53821881
58.46468785 58.91790062
36.67145188 52.13209712
12.42802780 8.90139178
14.08126448 21.25309682
32.76784216 48.32416160
15.51314835 55.55597169
28.05822348 3.54021234
52.19250872 33.77176339
0.98229027 6.85136591
23.35058517 53.64637412
42.10984146 18.64944195
29.90454546 23.45615714
59.83754693 46.13236809
23.79041730 50.91389761
58.41322560 14.84704864
0.14412131 8.55503201
27.14364625 10.84157825
54.40655737 2.60687392
16.48102706 47.61183448
8.63002962 24.23907605
46.83742950 1.29394338
38.97578844 11.22725157
9.00286505 31.69727259
52.59519677 57.40954342
7.78599830 8.58643439
16.37715945 46.30352553
53.60723374 45.50395628
10.61324806 26.89302054
36.32606593 44.83771965
12.24430520 40.26584521
17.93397698 56.99468491
1.41554850 54.25629600
29.34964627 29.24222830
20.02951063 50.57690991
19.54003145 15.35209290
8.28298892 58.10672073
2.22726827 59.94774068
58.92253079 5.37346777
16.90667404 57.10340151
58.53136727 19.80316340
56.60698586 56.82473608
41.17729497 23.62859072
0.42096313 20.17283766
31.32689961 39.69527604
55.38441116 58.90698489
31.18969303 28.24565759
5.46814686 25.87231246
23.91470211 56.68318740
44.55010417 57.98483243
36.48034726 8.22860814
13.75330045 16.13699110
26.76457315 57.06071046
18.53900473 52.40414810
22.55768837 50.30429048
46.54532676 50.65058899
5.69826757 55.55368327
5.30746085 26.97879502
39.11493962 26.21145258
15.88871899 3.68018558
43.56144512 29.04073603
15.19937986 51.77510138
27.43227838 32.92692864
0.97365508 35.72174963
6.41586200 48.30570601
37.54354251 13.37858503
32.42671564 33.96898779
8.77328314 40.96621625
52.69918724 22.05921598
24.71532437 12.41413214
54.27690240 29.63536346
26.63024088 23.64982269
27.84085645 25.53963589
18.03916441 21.73172980
44.78411730 26.73927097
51.59468836 10.07565680
8.78998660 12.50504127
48.91017704 50.17256539
10.91294535 29.95139585
13.04330366 20.35160197
40.74264287 11.43775235
35.63219178 46.58870517
55.97018224 42.66618500
36.72067544 17.46862376
50.90053715 31.44180247
49.89906351 10.98615914
59.76997402 48.12514148
53.54448082 24.03835250
34.52472658 18.31723680
46.68452231 32.77602782
21.88366879 3.93797916
40.53563459 40.08261612
25.79228855 53.82973056
23.84893115 36.40428782
55.91983685 19.72295569
56.21022451 10.66536481
50.81941620 52.55254275
19.26424536 39.07350671
45.80438473 24.87905392
35.83797070 28.62153729
9.23894981 20.75957995
30.81765998 50.74255165
17.79986635 25.00964725
39.35593757 24.44181328
50.61177175 4.93491307
54.86383179 37.33493255
38.92525848 58.13932591
15.25788984 33.65038417
12.05540091 17.90176733
39.44362910 21.27759608
48.42163669 29.23204224
58.40096810 57.39671470
5.81247445 51.47157969
23.81233445 21.98801115
6.14377246 45.06271876
50.83588222 11.29785101
45.33298281 1.48219434
42.04975511 2.16881200
26.04076765 40.61711453
4.33215028 47.93564519
29.60328602 30.80211956
9.90797060 58.13068812
19.37834737 19.37372104
39.47234914 51.95502427
27.99408820 50.52098789
9.95218390 45.42750494
7.53857076 49.99368564
44.57860867 0.36085700
5.87898951 22.67752173
13.34515547 11.66988868
46.59117490 23.83543963
21.30942740 50.21102355
46.36578094 7.91305395
7.00160933 6.88153863
16.34328221 42.46460952
23.47220346 26.75403463
11.01713454 45.33457290
36.89607680 55.33451964
9.80962858 4.41134110
41.72409429 31.15749196
31.37432913 13.02435257
13.44201995 34.40445114
11.82870950 59.65991844
57.14469893 36.61132915
33.96909481 49.59114285
17.89806014 13.73276859
4.15771152 26.28081450
56.53341002 40.33719778
49.29422827 19.43896460
17.95047379 53.36004857
14.00676538 53.28076175
0.52687106 9.63037129
7.15313218 42.99870073
24.41530847 41.43532617
2.49359793 47.41110185
31.14212355 18.68452767
0.19248809 14.14745963
25.69365961 17.46570345
5.22899273 8.89948907
0.77764061 31.65920621
21.66946240 2.52153420
11.90571726 31.54103861
18.39823552 59.83238263
46.33350652 45.48668850
27.15628258 15.72502291
30.04243022 52.68229227
0.70157017 33.50690948
4.42920124 41.50234385
2.30669007 0.91978934
31.37633118 2.79507629
36.47108218 4.24340170
16.18645883 23.96918357
21.84069891 47.58608038
13.34949285 48.37440316
7.02005895 41.00449940
12.31371662 27.58296231
18.18156536 3.30930195
6.75424799 17.41276779
32.50057817 49.84789725
1.21398540 15.21082207
51.17374578 6.83896073
28.37799391 32.01812435
31.95304450 21.57411954
20.40239954 43.89507770
39.64158925 43.10882585
26.00286901 32.68282026
2.97645910 44.07237327
2.16527254 24.60512033
49.53853540 36.65745296
59.39339567 13.33994078
27.36270306 44.20191166
11.43787382 46.61265607
57.96978482 52.10282314
40.80130367 4.13171420
31.19786566 44.81599888
46.99614462 13.52291051
14.86225335 8.10233492
57.76802712 2.41546675
26.64810309 59.26694626
22.97891260 42.69191592
48.70918407 6.39021705
31.39084790 23.50375291
38.38597606 35.98795366
10.16144172 0.30345336
7.42941965 53.47021518
54.73878358 44.23889504
6.98774145 25.84965364
45.06750350 10.71579164
36.13670827 39.27453784
35.51084224 11.55827617
8.09285833 56.75734300
8.01360427 48.93351088
50.15363125 48.79478968
20.45847686 32.88385023
16.96878982 53.21210116
3.13864149 24.39920012
54.43988501 8.83596027
10.82794597 11.01641078
34.27407051 43.21540504
43.73020919 35.64117436
37.48688245 6.55641299
49.07266345 4.78136848
43.41807922 38.14780236
15.57897959 16.13848595
34.83408287 57.17119746
12.36751248 53.41942361
0.84254597 37.16886743
19.99164474 55.33936441
57.07358470 28.35457195
29.63098255 17.37358741
21.28737994 14.52985644
58.97476808 34.16031478
58.62846513 40.91975474
11.83128900 58.16474391
52.28975548 32.69215112
7.69598607 44.33065735
0.91057949 49.54272978
15.77309739 26.10724083
56.22654432 13.75372326
25.90632054 6.30691635
44.64112714 21.03857607
27.02161153 27.22873933
2.67421119 53.24088771
57.85469909 17.55521152
36.81294835 32.49857421
1.68714858 34.07773253
57.74536380 56.34131371
13.17208912 46.88105778
31.32708443 42.34114598
42.33957590 11.01582601
9.25494258 35.02178963
15.16854570 38.43234696
57.87274919 54.02545229
55.35249407 45.89744192
23.12761275 12.87353060
40.78361801 53.34958650
39.19779559 2.84950787
38.43770934 55.55133863
52.31695811 59.75076615
16.47446865 49.13671816
21.74578167 31.15733486
0.14606263 59.03790029
8.97450931 47.66622108
54.85140180 11.24854979
10.08906296 9.99260809
41.28670605 15.57210763
42.97817449 8.48125379
30.09551165 13.96690487
23.47730030 58.85808975
4.28883970 23.51035983
43.37191871 50.66379007
27.54095361 9.37716784
6.99732691 51.28622580
44.39573327 28.30277789
22.34383969 10.09046674
51.80113388 37.85502994
48.90872565 49.06697323
26.24905442 26.23281188
21.50867429 34.05087964
25.89784866 12.91332597
31.15853648 20.33278666
54.51937172 16.51578897
59.63144338 23.77145678
56.92421812 50.92849015
25.32611681 19.24858042
0.22088103 25.86821050
36.80534667 11.79768742
56.08110332 17.17176599
32.86449205 27.63992608
20.02786687 51.57529599
57.92433222 6.10432480
48.12796143 39.00809920
3.57966814 37.87414320
47.51064352 6.19642253
47.86458790 7.97779705
54.01324809 38.56287424
55.29244614 47.64484965
22.63173582 16.67771865
11.30366550 36.35938693
24.25401005 18.33134983
31.93377373 10.37407555
33.63054923 11.37712726
37.79363701 27.03273141
29.48170428 39.31099437
12.60884153 22.11137136
6.02617903 0.00017650
55.11268694 23.10783595
35.35053210 59.96420174
3.46689072 51.91696966
43.05011329 2.14075618
2.26026084 19.19992772
21.67074296 16.40179651
58.04453839 10.86209865
21.16046844 36.58232621
37.10691142 43.41176032
19.07366217 44.93645646
18.54968468 6.84829275
33.29068159 7.51459465
45.49542050 39.59079388
50.98506717 15.52246725
54.73124512 55.26799223
24.46669871 25.87809352
45.93149386 23.11303240
10.30419556 32.91941288
4.06492390 44.38674753
50.54383034 25.27301036
45.34444723 15.73226351
0.27110977 56.22950544
35.09524979 25.45361302
15.36251668 45.31323906
36.34572227 41.74763637
36.67466536 0.36841583
39.56017072 17.77051418
19.38852753 17.53664193
16.28930415 13.18199530
28.65469082 54.00308143
46.36759383 35.70760213
22.72444181 37.66148181
8.78115176 10.42225887
17.86550315 26.10980074
41.34475078 32.43236010
48.01140918 56.73480169
12.93462272 19.36715892
44.60669555 24.36888575
25.55919503 23.96176735
32.64134711 40.30647338
41.07252106 52.00115920
12.20421370 2.78187404
34.06972353 52.74369202
58.83919320 28.09400352
57.81943438 29.46293568
14.66321643 25.65361415
7.21048835 12.05319189
8.84836632 50.88184786
43.14522145 6.71914831
19.15610887 9.02889999
4.55369289 2.44919229
16.80781120 34.16798923
50.89990794 9.38918324
29.66791586 12.13112427
44.00080829 4.50929659
3.73906492 0.94142188
49.02081746 44.51031019
27.87965074 46.07585100
56.93007631 54.37540778
14.96837626 13.46674529
52.43155928 17.98863574
9.67003355 27.35788776
36.74159981 21.73254431
46.15774186 44.02087888
46.25146369 21.55720319
24.10977341 5.25475378
1.35870026 4.93008174
8.78496737 7.43049903
33.10728255 18.35062638
37.20794546 3.28215137
6.42103130 38.70096829
38.53168337 46.68611946
55.53850685 9.22074590
10.74241415 49.85231629
48.05488916 20.82176400
15.85144577 7.51197518
22.19026380 23.29402253
1.35675818 12.86630489
50.76575296 41.42390997
53.21476893 55.97583046
48.82403737 45.60894444
24.39464464 39.99418871
53.04321492 37.07581521
57.17167575 48.83112598
18.39564456 24.12436419
24.21024312 42.62987861
35.30669281 37.69809009
27.10266104 13.20075544
46.99357613 12.50844372
21.45396519 18.27427117
26.97695316 52.31012664
23.41692597 44.96653318
2.54912264 55.06715479
59.03452619 31.97719002
14.10923342 10.46100529
40.54078363 50.25726360
25.04956171 33.10325667
7.87154934 15.98227142
30.52219961 24.30616579
13.29845611 49.43210026
29.81534198 15.40800921
59.95094798 3.85100441
42.06268877 16.75168785
42.49136675 3.93210358
35.32914433 43.56530745
59.78863847 19.20396147
31.62515572 0.15101942
31.66614843 32.57948442
59.77700506 28.74001464
54.71344729 27.81588182
12.49859409 29.26407711
42.56492047 11.98604356
40.00302465 31.72799563
1.37161843 13.85386298
35.37920332 44.55304973
33.87950782 47.68714220
6.95916437 58.29648074
27.20491803 56.11083714
55.99131974 14.90860652
32.81214032 9.59269409
9.25642902 38.43325793
21.45544762 12.64673503
13.97624500 17.14312794
3.19886185 28.58790372
22.76050645 56.63482549
49.56451637 25.45612869
11.20312551 20.24460223
38.03405321 2.70131703
16.36560030 18.49741240
57.00646217 22.79940044
12.61764070 45.04645275
32.36535635 51.66825041
17.96975288 45.54645037
52.93899158 20.29834421
28.60578771 47.37207226
10.95975938 53.48829514
59.01342656 46.65543288
3.84084270 46.92453749
21.79902389 51.10217924
6.16963742 21.24083241
54.99689065 15.31457748
1.40371021 1.44453823
1.68364496 40.44498773
58.39859220 49.43883943
34.82735051 8.84589177
35.59120984 58.80480395
32.87004302 50.76203139
12.27391561 35.35342805
1.89578443 25.59667847
56.18883990 23.75112053
46.35560688 59.42365672
7.97759525 59.59799837
34.79901650 27.12681844
38.52278336 34.46220919
40.48531586 29.31336591
14.18550155 35.21670591
55.54494108 18.59992928
34.04053088 20.73715740
2.87823629 32.48609485
39.74377130 41.57702932
35.82005789 1.37599302
8.10488850 2.24055667
23.30229424 4.10565627
53.54961332 46.93030875
50.60180202 3.73217459
35.25466692 41.73958071
30.79806480 55.72790721
41.75149475 9.61019385
34.05665389 4.29004699
49.04260723 40.94444152
44.89163421 54.77214490
42.13974459 36.16458071
38.72797917 16.66293005
30.56659490 4.10237223
39.25816056 59.59870726
12.65854490 36.47108414
52.68470433 39.40515564
29.79972397 56.91833264
29.34834829 31.80192029
28.43380781 56.81568064
15.06090262 49.16024329
30.25972670 48.68479933
56.63067833 48.01179597
4.37796103 59.76071427
37.07630150 47.44493076
48.49806743 55.87629257
5.28864286 10.91906236
27.33973357 42.98802432
59.33052825 36.03431976
26.04394018 35.81086413
42.42584208 39.79119531
31.41688543 40.93761344
24.96279238 34.33334820
55.35505681 22.05825045
35.99269973 7.36748122
52.72326915 8.76053128
21.60895528 37.80288218
33.12335886 14.34069203
32.51974136 55.36948825
4.49599407 15.73653510
42.79870026 49.83642822
45.29798742 28.73913630
57.98383163 37.18509673
47.81582660 28.45609590
50.21761668 57.83122338
45.45676933 35.14442919
4.97889583 56.58523846
40.48873159 1.85782070
36.14391082 34.34621159
10.52297730 6.68467510
35.36570318 10.47142021
34.31792184 12.21165746
50.92689065 47.12872353
6.02016563 20.27368177
34.23574979 23.91694105
21.22469346 52.61236088
32.99741621 25.51345225
14.32445153 5.70593867
43.44771841 44.22270579
14.55579204 23.98321989
39.13333701 38.38314519
58.59595767 42.63704862
4.58391068 21.50414542
44.03593295 36.57461437
27.99046996 13.64137839
37.82520571 42.20280529
41.63553321 3.11878208
24.07208842 13.30724280
2.11646063 31.86515050
34.59121603 16.43472160
37.98164304 49.62238884
1.32035104 59.52816535
54.45662571 57.07654112
7.99469747 30.19206843
59.67290623 10.30932076
45.29451061 45.27103002
38.02152401 20.34406572
4.66168859 43.31829713
36.88936678 15.58072994
13.62153354 26.69617139
43.66179268 19.83568616
0.72859578 5.68048299
28.03105060 17.94953507
29.91331091 7.28882266
17.33168513 1.45514622
0.71021104 46.61881566
2.24694584 15.48388760
19.43426843 57.52098722
29.50521459 27.34795830
17.78488650 10.12594477
31.30720311 16.51494179
0.47956816 41.95217084
33.87773366 32.72431586
29.59666272 3.33289804
55.23656995 26.02585876
37.57239621 28.90319203
28.61260529 10.06634945
24.75676271 29.63176786
39.54592743 40.13753044
26.19646605 29.12109333
42.08775343 44.48582593
31.13848653 29.78175834
43.01508351 21.49189404
22.59302612 41.78473156
39.12210368 30.31809611
9.01697796 15.92620631
40.58947293 57.56469934
7.44670673 45.95677364
11.71076762 1.13162409
2.67561439 48.42396533
28.27177151 44.53576538
13.93815597 4.71844700
37.57119497 16.27889535
28.80856690 7.64225728
34.61218746 29.86182026
33.37071475 22.29236957
26.02003952 16.37860172
50.17891324 14.94690194
21.00735704 23.06093933
17.30431112 55.09421919
7.44724191 21.17316929
35.05296206 52.66935149
5.10950373 4.05885345
5.62099868 24.48632200
4.50809973 36.20811565
28.21918238 5.91581768
22.75834503 47.28468207
49.48647457 40.05629671
48.54549573 10.29677406
2.61230282 40.75260810
26.73037189 38.87303326
15.36264878 9.34982817
28.03134372 33.89195037
28.85884083 55.57351850
32.32416875 53.46435318
8.24151859 34.12511392
17.10378391 41.03332696
49.23401390 23.86681099
26.06127129 20.78792833
0.06648197 35.35619882
53.92666869 21.83392875
27.96083437 35.79731653
46.30185393 3.07517926
26.60489897 44.94021924
11.60447513 54.98104735
35.46112640 54.51456799
2.27125568 51.41513588
10.98626582 59.13440153
53.42958228 4.42634171
7.36899948 23.46229047
1.64479155 11.41024799
3.66077255 48.69234059
14.68328460 15.39811987
17.33904098 31.85660796
16.24952028 43.58205156
16.41567227 9.18731967
10.63848507 40.76455209
33.31229011 53.35752009
7.12726091 37.33970164
16.66811687 38.06139080
3.85603385 30.02036952
4.34163172 50.42832735
48.84048386 7.40083500
10.81618955 2.72099266
44.87783781 50.96883009
42.39360238 38.11265974
27.00237339 47.96917967
45.05338279 48.77763839
14.92729570 53.82797432
38.71284438 39.33866676
39.36366928 48.34251029
22.89755655 49.21068926
55.56868055 29.11961130
48.05794078 40.73366384
44.97868450 38.35470414
2.55148969 6.10724505
59.55497455 37.01074853
53.90501738 32.13411787
59.14111951 32.98761110
57.98466422 24.35564841
43.52859937 3.06379179
46.10537568 31.24623375
56.91892626 58.07416291
5.60063942 29.51673508
34.66208068 39.96839127
9.82560073 22.13243642
55.24937507 48.90295893
54.54470960 24.66422232
31.79310091 36.64658914
27.32082223 0.90232031
37.22138756 22.74365728
0.79565687 53.44677527
39.73991688 35.84942486
32.18016799 56.60117467
14.71783383 47.15623327
42.09217528 21.14594796
30.90479120 8.73034558
34.94252994 28.17830236
31.08435330 15.40025237
16.50583187 33.16570591
47.47670302 35.49514201
37.12105745 24.93548100
32.81123193 47.29790443
23.60149616 23.88879538
51.89779411 44.63852545
49.25355796 30.15350459
43.20624326 46.85618666
12.58966207 43.15361213
58.56313126 54.74417612
42.46767204 14.89637145
47.38224180 58.83240007
17.13783754 51.65685103
47.50029842 20.01334975
57.96893561 8.99466285
40.25906833 16.14128689
18.52907688 58.60591032
50.76554355 40.34185978
29.23192351 51.04276494
32.32635465 35.83893210
40.61904522 10.28989787
59.88901648 27.45033132
52.09434220 20.84672464
13.02820984 25.88206502
27.67006019 21.20185277
25.29390549 7.36060634
58.69188576 9.68492033
21.27030889 45.63528543
28.05397780 48.89554012
3.52064222 13.42614851
55.94597234 49.83920902
42.29169912 34.56942003
48.35384320 17.82693690
37.20930679 44.39534670
13.61705693 41.55559869
32.43707071 59.58442297
6.12747097 16.26617251
31.66651807 6.32718082
42.28465417 56.97537407
35.03787249 32.98684176
28.42609786 23.37326161
9.56711000 8.64004137
53.31682136 52.91454226
58.73075471 20.79628245
36.61516959 27.74072985
25.47707517 39.81650212
45.71180054 5.67954387
17.96428420 15.82883457
53.86641691 42.76743232
6.34071986 15.25109652
10.12308086 55.10015531
2.62794777 45.99877450
37.26055952 57.95403871
54.38293983 35.78567103
34.78645826 48.08966291
54.93525468 53.62780048
2.24814348 8.23192219
30.04613089 21.67040062
9.61309150 28.60603903
19.08282653 47.08254496
56.43295409 5.77830137
44.91698174 23.22016705
23.28778442 14.93745552
20.70086817 42.75929424
18.65516899 41.22661024
53.37924141 58.14227609
20.98115695 59.10511581
53.09661944 44.22977688
43.49659739 10.07845091
6.14270615 3.40525341
33.49403893 57.81462910
49.09217546 27.20083178
43.42342129 39.78770396
38.76315853 15.12573430
58.40077308 48.25449340
47.86486411 44.04807570
27.87881844 37.13353709
51.84654845 58.54189342
3.82382264 7.90775427
2.64149491 20.10232773
13.77273718 59.38895066
42.11918079 24.99043462
22.05257497 25.79637122
11.22772973 34.46391896
54.92371971 33.05281963
3.04564678 42.81390710
9.16502027 39.86377659
22.68356986 0.60491141
29.13857031 1.96914240
56.81873330 9.79443000
59.60178878 50.12552639
3.49258910 41.19800847
59.54190868 2.95552916
42.29252462 0.39430977
12.24486676 52.08706160
1.47699486 2.81431398
31.07126096 9.89650626
32.99979247 45.35316012
22.41552783 7.69795301
9.83645916 25.45255779
4.33342075 3.44128408
35.50717205 53.53538763
15.54593794 22.52520569
28.66407741 42.79819812
18.01635257 17.68981652
9.63110667 13.20411126
17.62278961 50.78632644
50.83938697 26.29056631
52.87168115 49.78754255
52.94063859 15.14508098
24.88100541 48.88152634
53.85482695 1.26997648
24.07021603 59.92942301
8.61206730 3.46955721
9.91940496 41.63358408
38.30268508 29.77182689
51.98727933 45.69147487
10.00271627 53.88928807
48.43346810 12.66410829
19.55351554 12.86900409
37.24398511 34.44020828
4.84057095 13.28730091
27.80170657 8.41409114
20.09508566 59.54775814
35.64909802 30.57340032
2.85230846 30.09711902
2.70931420 12.45167735
15.93398213 35.50477390
47.53652613 39.82262973
46.02752220 41.02238604
7.24837601 3.29775578
4.96209464 32.29077085
17.71496408 35.40424450
43.74292517 17.16155508
13.08151067 24.59909282
55.33030101 3.82446072
32.23148764 38.46024227
48.66175273 38.08567575
48.45874923 53.12117568
11.96189719 38.09840483
12.09367138 15.49340331
7.52402398 10.63344665
43.15765657 15.76145200
45.92584721 19.88892986
49.73274727 0.80937260
52.15368501 19.61307863
27.99201987 14.62729102
42.86896593 26.20656911
42.28794550 55.25737605
12.93702865 17.39111469
41.00754832 30.25750035
5.18194618 40.51954029
50.74919733 21.33816796
50.33329304 50.29914841
3.44778072 33.92920013
27.11244019 5.61861173
6.22193708 6.04228140
49.68277583 28.28861503
32.44325799 30.29752734
9.62798589 46.36384504
43.83395646 31.70649291
8.48295804 6.08326196
38.80407371 19.20632186
57.44124104 40.73846134
39.09906455 12.58561058
36.26175550 50.32967012
23.08991495 32.30712139
13.70557247 38.01986266
54.02532731 51.42670984
42.01962131 27.52130159
19.53501494 52.43645342
22.20281410 13.52440896
42.80079304 45.19709675
9.53541504 30.13350252
59.40727290 38.96130764
24.40775281 50.01819058
7.72740923 5.14042920
15.01660558 59.32357076
12.94199567 6.36170880
19.75084300 25.18572529
37.94187144 0.59746067
25.05629690 52.29522640
36.86443019 37.64344855
47.68279674 19.04962346
13.28452675 56.48029061
23.52966792 52.56711338
41.34367512 21.95488702
49.07991770 2.96850567
45.82809847 51.33403426
38.96541434 4.03332546
39.73062499 18.75029043
6.16825406 52.99973245
11.07939773 8.34179456
34.49771682 58.98252549
51.84784855 4.20485645
