42.11926310 35.69250147
19.91984018 9.38761105
5.44556431 50.29559265
22.44985994 24.32833567
20.07501549 55.74751985
14.94034940 30.28656291
50.41834833 43.34540929
19.54228036 25.16784174
27.43026661 51.52818820
4.37034823 28.47270644
45.39853597 39.68350503
4.33869304 8.83347911
34.81334924 43.28417794
3.99326606 14.41867687
42.07540589 33.99942531
28.64440592 0.36823802
29.17728217 4.27402231
22.81837340 59.50214916
37.83930400 50.71483249
23.27293769 57.95148907
45.99637416 26.73330803
50.38282144 17.24082773
13.35638625 59.00207397
58.57275841 0.46925853
40.81890607 40.85612416
42.75675172 50.41060414
42.07771235 11.26268600
25.03310493 5.69510493
56.63159251 6.63372099
27.24932868 37.79797481
19.58634423 16.89254001
48.60891316 50.37000789
55.74485352 3.82033568
38.50968468 20.73572153
1.71421290 31.18185627
4.98884007 45.20006485
29.55138194 34.74129707
32.83725065 46.75856581
56.12510011 9.91898522
30.97495200 8.95613493
20.93141693 45.61196894
42.22717859 21.36964180
40.80116299 9.32289106
29.24354583 52.20158736
21.65745125 11.02887067
8.22533414 49.24132323
28.99851535 43.49918208
52.25957431 38.49749619
42.77346775 28.44530787
18.67468768 36.10145190
58.79837616 43.15774743
21.49180026 16.77274451
53.29976017 52.78033200
43.45843507 57.84140500
47.16172139 4.01818102
3.40108043 18.31144577
14.69527041 18.62956008
28.56717022 30.22784586
21.61957410 43.34180751
43.06357091 33.97239412
23.62300307 21.24670257
43.59790014 25.35010070
6.24843199 29.28648589
34.35383916 50.40590764
20.20000072 4.95482493
9.08117657 25.88731505
42.86142426 2.46735215
42.68134442 48.28405185
41.02599871 19.84272827
5.58661152 21.95072335
39.25471353 45.58255446
23.39106913 19.42516791
51.05519539 15.39700879
12.54870418 1.79337517
4.66361223 16.84781824
55.16602655 31.62966193
25.40625571 16.03744674
9.03287314 47.96591984
4.73938162 41.35527738
54.77699036 41.80863825
54.80270222 35.41258035
29.94619498 58.06161725
32.31338458 41.07698365
10.68194091 30.75952392
30.90280929 30.95223581
21.37506965 54.29649854
0.85399655 42.47583500
2.31010724 21.88508264
5.03119112 26.59513900
45.03943188 4.03989589
19.52355165 18.87118160
35.76111972 30.60120471
32.84411444 54.53316137
3.19682604 23.35989408
19.23446546 28.55242475
15.90913145 49.32771901
42.83400033 19.41549930
51.68967655 0.60608388
5.77223851 15.26713135
24.86708626 27.18985084
20.46736599 23.12032026
24.54672516 59.48097730
43.56283980 46.70686275
47.51709253 51.68022468
27.53996319 15.74798786
44.54764311 2.14527094
28.35585431 40.86699616
13.97501210 32.54918209
37.30730608 27.90445059
49.13170564 35.73750864
54.69555833 5.36447142
18.23459631 41.98348094
4.59934158 53.38243632
52.44046160 23.64617655
44.00808628 32.26698970
49.21018053 51.92795237
10.85793292 49.03367444
48.33998340 16.64821263
16.40752338 13.86621852
34.81122886 16.99922920
48.92910391 18.70552077
56.72728433 12.91388450
45.70897884 34.82515791
24.12600064 11.01417059
59.42439282 13.69444689
41.92657168 13.02255421
22.98063475 32.47788283
49.94979542 46.92935495
22.97068742 38.55709922
52.67338835 32.41147802
14.07162756 40.23174157
50.14181768 51.56414421
23.60753022 1.14548772
13.97721426 13.98299212
19.48285377 40.27394369
28.82936865 50.16516888
24.38593274 25.31667543
31.76986759 56.14146793
20.90060398 15.06020528
24.99122100 55.82524067
21.94264872 21.02663043
0.35700940 27.03343669
18.60394430 45.27362715
6.27493817 59.47028158
59.86185834 44.68703829
36.62038801 19.94758623
29.70234408 21.94351321
51.66535914 28.52727632
5.03445330 55.26898617
4.54577039 39.03437132
1.55795366 40.67552330
34.35829952 41.28850026
46.15774423 48.27336648
46.70734129 13.75662186
30.96049407 52.50827236
27.98030498 57.88775476
44.27563304 18.11690143
51.00811002 33.39456009
16.70706453 50.84654378
15.51619765 9.73537909
3.74868737 49.68287468
13.52409108 22.74516857
27.68002273 10.27069540
39.97393918 47.82983151
19.98687904 42.71099168
31.38542693 36.40486880
5.10060552 23.58335942
13.79047531 26.87174458
41.64801819 16.59996352
19.27696838 38.25108422
48.22725763 56.07956160
1.66928498 52.60249402
22.00589905 0.97031378
54.51401624 9.19208152
1.37181828 9.61837019
8.34391884 39.39704203
21.09789064 28.26995364
2.93859324 16.03793536
6.11013188 19.23618608
37.23918659 52.97970330
16.06881869 26.23141931
15.84066591 38.90689280
35.07551724 47.38868882
26.49346246 17.84424325
15.89027324 53.53920881
49.58693582 56.32022511
26.39966644 58.98022801
30.69378528 16.68488392
32.07624585 38.22840588
37.26895200 29.79941434
0.71603099 8.03756933
4.88409667 51.55821982
58.40995700 22.48208074
25.33998158 19.23768108
27.44646438 40.10212821
48.93009770 10.42801661
26.27191548 43.16325178
21.79298899 56.85057701
45.33693734 36.45718096
15.79679279 16.80111082
46.09364580 5.65905797
42.09081757 32.27118453
4.30980654 0.01709691
33.48215008 39.13391157
33.26934581 24.90259908
8.00405227 26.21434876
6.50961260 38.24543659
20.89762970 9.41617378
4.36678986 43.52232815
45.07907087 40.94447940
26.06555762 9.25503360
37.49547607 5.81632647
6.86591467 44.93906000
47.01027570 57.41222513
8.51352665 16.79071157
17.88752880 29.90558569
43.22665513 37.02074082
32.19361457 0.20885959
15.18354829 12.40872234
23.71161006 14.52002134
42.43468404 41.96898295
4.78013874 58.29054984
23.68171954 7.72679712
29.48380468 54.62697035
17.42436256 36.89227192
51.77313628 13.85285097
9.51704765 36.60659945
38.67081177 33.14217144
57.43688463 3.99157879
55.76733897 39.86411494
1.31657607 18.74757250
39.18720996 11.21654561
25.54103472 37.71173729
11.93088462 34.57864391
7.30643936 6.95120978
58.96463030 49.54402056
35.04088520 32.37967231
48.72608441 5.47445298
17.64608735 19.11927846
55.87077390 22.80123533
2.25317592 43.84914869
9.55893621 27.36728914
32.59379162 7.19722562
33.78411636 16.49706938
36.50219636 48.51210618
43.90628361 38.84911216
38.24506856 59.77284826
2.78925107 33.24846004
2.05469146 14.24789824
13.44602958 28.91249523
18.18700516 26.80080925
5.88679679 56.75186128
28.89177810 47.87140995
7.13988921 23.00378355
6.64751992 24.82455193
6.69666800 16.91744554
42.96379529 4.45117225
38.33903770 39.10757695
17.68921226 23.17480387
11.66045449 26.00635950
17.72369579 58.38750004
39.89958202 29.52320698
9.92945784 0.32950451
37.67039474 18.11239174
20.09577610 12.54395478
22.01232373 30.29554018
40.61643031 33.13101946
21.25320388 31.83337593
41.34703798 56.70664393
23.81101558 56.61057046
18.57904064 49.17312310
29.71882010 16.32315434
40.64047570 34.84251610
52.31752629 16.86948355
32.76034087 5.29195098
13.15754453 41.50550904
21.99334309 36.73226383
12.30366719 22.95049225
52.39799982 42.41136882
28.86031246 11.89320150
8.50572556 45.39011678
30.42669322 50.87472490
26.07329806 56.62365591
14.86219743 20.19602084
58.74603390 18.00154663
3.08147790 25.59284484
11.78011085 51.91998191
16.24781690 57.15406203
58.56569792 2.51497041
55.94083713 17.29192454
51.23043728 31.39049910
14.94753779 58.19300160
19.08915387 21.06149214
33.50117185 7.60732490
28.07113264 36.26334354
19.85498776 53.04955459
51.53554880 56.96749753
32.78209824 34.25320552
30.89852304 24.53015273
32.40649280 43.90423916
37.61348594 7.57598976
28.63199758 2.37163418
23.59577625 52.80542767
21.16371810 26.29720435
1.26838447 3.07472396
48.82285417 48.48690147
15.28030534 23.44441443
39.88772427 1.03503289
21.50261381 35.19075692
53.68618128 13.53779794
11.59475990 36.75290470
6.73871406 55.27871261
22.10698520 41.41370538
50.58031755 5.37393307
48.69831606 21.53230636
45.87527012 29.02383228
16.06616881 34.62601324
19.17999776 14.38908725
53.87537270 43.53955164
40.57276743 58.36779498
20.23356611 59.99113198
55.02586661 7.33750069
22.07982911 18.36876849
36.60649042 21.91214092
24.25631086 40.79853189
44.49734834 27.93685871
19.80987511 57.71573107
37.10368975 1.48837244
50.02171091 0.18024405
29.86540700 13.81423032
6.25526131 13.09142740
12.69122716 17.91229652
45.26760025 46.84574133
8.89363908 1.20783670
16.70304453 31.96834171
53.05650505 8.35411427
24.70503985 45.21421595
19.51494530 30.74304482
39.68348958 21.14090315
45.24650932 30.83988567
1.68817111 45.41395286
10.40716028 16.06274909
43.72431710 10.77427571
41.90471551 25.56582344
13.39738419 49.66434592
8.87348804 22.23150614
16.83136457 42.93870178
27.64054935 6.02154337
59.20737973 24.01531915
14.66332396 3.26796324
19.00867943 58.87254230
12.27454454 13.62936663
16.27340514 4.42074472
48.84755542 8.41101357
29.79666644 28.09835348
18.57547053 2.68554966
52.06867490 11.95599934
45.05244320 49.85302788
48.07349800 44.44744720
40.26369658 42.64367249
40.93338537 27.12420525
54.08128392 3.47208180
53.10389779 1.84726912
31.41175123 4.06568464
38.68015829 31.15031235
53.44492364 22.42017316
50.20975850 19.13985246
10.07476033 44.39289302
44.45568354 34.84415711
36.78339301 34.18358891
40.04150258 19.45520028
2.65602537 20.20863214
58.03864614 11.81408455
56.97014664 35.28282963
3.47288183 35.95113175
30.53147687 10.27884643
37.68154364 10.45235135
14.09757278 30.86116532
44.36885798 48.19286165
31.16756259 1.61709317
25.33280568 1.07498362
32.87102594 31.35941839
31.63591842 32.37042290
31.03920510 33.17196553
0.64019089 11.60430286
42.64441013 30.49683517
35.21719394 18.93489600
11.99647986 40.04165297
55.55385622 52.46223014
31.79681090 22.58518176
47.17938825 35.93736320
23.25127235 26.95008012
2.79962401 12.53553233
18.68918973 54.65319765
21.60246776 58.76860767
42.45662596 39.75802195
58.54327147 19.98594123
15.36855982 28.79761900
27.37462836 55.17539589
10.45193614 38.11269598
0.31848438 16.49364335
34.42548545 23.25342405
34.24764025 6.49433800
9.67629391 18.28560606
17.55888137 39.86446141
54.46156536 0.57518413
58.15582450 40.98466396
17.91933941 57.31123438
52.97503128 4.78151193
15.76614544 59.55872433
3.63351006 4.89349987
35.65500082 7.73041156
33.99635336 29.23155950
36.18512533 9.63398375
23.10918922 9.53362122
2.88824611 42.01594631
34.95008432 53.35596297
10.69811317 46.34607329
26.94875815 53.21799232
26.37644994 2.68485550
16.57671700 6.32219094
16.07526901 1.47727916
16.30101930 21.67858923
14.46160483 56.37650721
22.35935602 13.10950703
46.07314541 15.71343881
12.14702640 54.27247614
51.13825047 10.21188204
30.51840202 59.91972116
46.94788637 50.08047802
8.18277718 47.32027443
12.28725814 15.99333692
12.32383901 56.43789472
35.89524914 41.68583396
1.13002153 25.16689842
41.54097684 37.31208528
25.06902941 35.59497636
9.93044219 32.60010913
11.48674951 28.97347276
17.71185218 16.54663535
52.90259902 29.86524071
23.44751324 16.82218086
48.80151721 34.09183676
23.48432623 34.46364362
21.22391499 41.05034331
46.17005202 1.58016308
34.52367411 26.95948343
59.28888458 5.64319761
36.97409508 32.15346894
40.63766242 31.36535696
57.84107453 26.69625643
53.48987089 35.73349418
5.14390444 48.39731438
40.44533968 38.89119757
29.05100098 9.43760940
49.53438368 50.01538683
9.65753093 19.23853000
54.05174583 7.36660912
0.68387599 36.66169856
41.61927245 31.42706331
23.40136959 53.77762717
30.91031995 55.61706776
21.51793349 55.93628899
29.95887849 21.02501783
3.21875780 32.37722734
4.80321819 14.99772816
24.66761023 14.53181069
45.78794635 41.63630827
6.38040448 57.58464013
37.80751735 30.67439689
7.62775469 17.23535873
18.22144379 37.48053619
15.35960305 2.59902383
49.99133740 52.48763096
50.62046609 22.52133346
8.77565791 15.85375187
40.69460471 39.85889841
36.02272581 32.41461299
31.43291486 59.59568521
28.04158671 43.55297724
46.77885842 51.04316436
49.63185800 5.88783798
12.52829572 51.30179553
6.75323837 37.31230618
12.39915150 58.98628895
11.25472017 48.12673442
31.56657482 25.21852362
40.69476992 8.35350456
8.08278457 22.82062495
7.32378583 51.26914145
23.75440604 2.54295142
13.40330158 1.31641757
45.64940015 37.35793980
43.60839181 49.95704885
35.04265776 17.97070673
10.55350059 18.69023221
3.41698179 59.60938334
4.03855328 26.68872233
53.04201258 48.71005274
47.88259563 4.99054330
16.70923023 2.19356429
19.46070305 49.58843915
28.12472770 37.24901092
19.64764102 27.66581700
32.54801766 30.47160654
44.46294811 49.11742629
12.45852453 28.84445305
5.41153153 57.59282063
25.01848301 33.11351766
59.40736734 50.43588385
20.12199323 37.77181617
54.81595774 4.11983327
51.86033157 24.41017051
4.94156888 54.30008358
16.20494834 12.91183527
20.58961417 58.73051323
15.26501203 48.62112868
13.16547850 16.38605699
46.09397283 47.31829709
55.62961031 10.77715706
44.89858176 18.82589756
14.31362758 57.33797638
21.17499635 44.64982322
1.05889109 32.50266901
29.45584572 51.09537257
37.23184446 19.17935579
41.36818452 57.78137352
0.09834429 27.97611764
25.53873980 3.16141099
47.24609533 56.19535097
16.59452165 0.11671052
13.83209666 50.55225720
15.71770051 0.54923840
33.67365884 23.90526573
14.50274654 39.34023299
20.78694047 27.21696436
2.32760866 9.70905114
3.66813254 16.86790120
21.47027595 29.47587609
41.95605516 13.96980164
22.12410088 31.40325371
28.57158284 58.77227637
59.49224881 0.74206113
39.88445519 41.49995633
40.55497817 35.78841290
21.07676971 0.66884319
4.40468983 13.56141845
28.64331761 8.56207588
36.95413430 47.57105417
52.57501623 1.02752891
3.61778220 20.14961664
57.52368045 3.01798794
41.66381372 41.35954796
51.70607872 12.87247323
35.58178903 8.70644944
24.13031116 57.54065612
34.80603557 52.26693371
44.96267721 32.28263446
31.64169895 5.01075981
47.11805120 48.30825608
49.76476652 44.07573245
7.14832097 59.04977065
50.26243815 47.85355820
45.91938367 38.83785026
1.26902367 16.31147634
26.50039194 54.07236710
8.65692288 27.74442263
41.87695857 19.40378214
38.63675209 10.40088077
46.14414267 4.03235994
12.37676563 7.24220474
26.78484089 3.55954962
19.77626034 56.70063939
51.19936447 30.44207024
43.04473449 11.46370253
37.68657687 58.96387566
42.59192548 40.72625643
17.85898351 41.08766040
36.82237049 33.18404014
48.30151523 33.26896732
15.85690278 14.65041724
51.84587067 14.83081194
22.04989334 28.45854910
39.30628553 42.78279477
45.41167131 50.73597399
44.68695509 10.71792937
4.32432510 9.79015592
35.98620725 47.67140421
35.42108376 27.36383313
43.56556926 20.07360527
43.04716061 32.26750110
8.98246245 31.88035251
37.81397129 51.69942647
34.26208519 19.03966620
58.34257334 3.53601689
25.74221180 1.95338303
5.03393114 44.23426715
6.84690222 54.33636088
46.68413521 35.06507030
1.56443004 8.55701528
26.02442577 35.38786041
25.03632969 38.53490761
10.30950366 43.46629078
45.06752204 34.11237291
42.93923153 3.45296839
41.47386907 12.03785635
36.23370901 53.06484124
22.54736887 58.58056460
52.67013152 21.55815566
23.27408600 35.39972549
1.02411203 19.67312708
21.55309921 24.70847764
49.80915656 8.21079470
48.76177147 49.44428446
54.68498966 6.34222980
18.86622567 30.00209386
46.56035055 12.79135506
41.12548402 55.75058292
55.07112283 16.81143353
28.35310066 49.31379466
38.58465641 7.53377648
34.18275007 45.59874394
50.96399395 14.40915289
57.63453095 21.91058270
15.82196050 51.27769598
53.89345889 4.45168454
11.39917966 56.15657829
30.41007754 1.01598044
19.40557915 31.68823108
18.51615241 40.07258770
44.44978120 46.28400197
30.15158800 51.80329582
45.14598704 27.20742682
57.43067007 6.08333346
9.86474043 1.31926333
51.35650112 17.07047679
48.46298438 51.31199616
19.81594974 24.22384535
7.31934648 25.52023295
42.16060298 5.01080418
5.28023757 28.86235386
19.15277008 46.07151551
28.54090882 34.50390880
23.07796290 25.98593501
5.03913327 52.53399037
7.12034360 43.98223617
46.22989739 34.03633429
54.99823958 8.31861390
21.19361854 30.86821399
6.53749396 22.24475277
48.48275143 24.07146362
36.63764381 7.72988278
59.22589808 24.99640743
16.86529878 40.56255390
31.32932134 2.55466786
34.86347556 40.47424783
50.30570985 31.13566913
1.08559759 27.87780597
22.40357465 34.83000645
43.49458785 47.70489586
58.16549880 40.02588740
49.62833809 49.03236228
57.99551269 16.67047373
32.95465024 43.12265801
23.84081551 15.91122232
48.15223229 35.87260532
7.25080172 39.03349291
56.16225955 13.68375939
0.06064029 23.56303419
41.38745489 36.33675310
40.64752319 59.33462944
47.49139828 13.16768899
19.30821911 59.76586785
49.02182016 55.56246052
12.87685146 34.86321942
24.35991562 19.29810981
4.09999419 55.43748428
2.46270824 42.89377099
49.28750041 47.64240261
10.41349465 26.96285931
18.60720638 27.68804618
20.27326349 30.18029382
14.35812340 4.18465640
59.04387743 17.06004613
0.35016479 18.78419901
23.30575428 6.81626550
41.60623403 10.41812243
4.03320747 38.21020052
50.28348354 50.62704138
8.01675266 21.82774718
36.46302263 20.91694260
1.35449935 21.83393056
9.72749683 30.97866786
4.84031237 0.80867700
4.30279765 48.89013594
49.78244935 18.27438456
25.57715472 10.15524307
2.81438992 49.90774233
53.62102670 32.63641935
15.29431870 57.29649135
5.40182531 16.17741151
51.38220728 43.09454049
12.10292583 24.50032125
41.59433235 42.46005970
1.88333942 3.83086611
42.61181204 49.44430317
20.44700458 32.31598388
16.97231762 22.41278201
18.73934630 18.27590332
18.90645828 44.38162522
40.66112642 28.92303750
22.75375805 1.56723487
37.42158675 48.74195755
22.00968369 32.43299907
44.35358597 17.16978115
32.01575612 33.23746149
29.62925280 27.10537511
13.04466895 23.59060640
18.44896867 29.10009660
5.78060713 37.52112891
12.36370877 16.97528223
43.54328762 33.12867963
29.79763486 50.16260451
5.81275489 22.90938850
38.45332971 49.98072645
43.11093648 5.40926780
17.20578067 30.60071878
3.59648004 39.19792608
48.22175347 34.87212634
17.46778167 6.68966928
57.91688661 35.53901547
32.11027637 3.38232137
38.24370665 29.77664203
29.34218750 49.28494335
17.19689104 4.13134256
46.43606455 25.87899192
0.56129421 43.53756196
57.85313693 1.05358992
33.98070647 53.39633675
15.46527090 13.57049987
17.38316727 20.12971861
33.94744439 43.72322739
19.67712998 54.73699326
28.25338779 4.02452189
55.25362021 40.93713743
57.38907847 7.22073231
25.18751140 54.88424658
38.88614918 21.63233268
31.36079904 23.67755749
1.51007423 43.21081630
24.15446096 55.40148083
59.40675404 14.65782440
56.17732571 5.76475756
28.73750418 16.41776188
52.04079896 4.51682205
16.50025466 48.54992195
9.51768588 25.07589401
47.86111864 56.96506894
36.57530129 8.75568531
4.71846089 27.55399185
47.63002311 58.16054384
11.42639904 13.14229167
17.64322848 45.18055947
46.36004930 39.74161282
17.29201623 26.42365103
38.08062314 47.61068172
12.01449774 39.06547097
18.59779056 58.01995056
3.94070212 54.07178179
30.71921068 32.24907299
19.97847266 45.32827437
19.94662949 15.24400597
8.48794483 54.02244453
2.53617901 54.36065014
56.61976324 3.42209618
15.90035259 58.08294990
58.59951029 18.97737886
53.60058959 0.99412268
40.26054474 20.38718643
0.95141250 17.64459788
27.18935128 38.79929891
1.19793010 57.14129106
25.39775880 34.62017176
6.03384319 23.88673844
21.59235516 57.80142840
42.97629960 51.34172482
39.71626065 10.40595274
16.73575567 16.62568513
25.43068387 59.07521176
19.22622664 53.79264226
20.63813561 53.64079719
46.60352314 49.15892495
5.88423799 55.76645388
5.66553929 24.80935199
41.73233309 27.72201631
16.89225734 58.87155220
43.20224117 31.28719194
9.16614116 49.57560426
29.25059756 33.80528113
4.68783033 39.97175202
5.75983817 47.66181830
35.74809634 17.12925490
35.48954227 33.25007420
5.14210838 38.28973681
52.42130078 30.69948424
23.62454654 8.70504194
51.72379744 32.20115311
23.97905413 22.12561620
30.03457336 24.12180624
18.47306538 20.33090247
43.92731897 26.24807538
54.01348027 8.35792612
11.45789057 14.19540894
47.69702322 50.71689354
8.79917638 26.76737148
12.85515376 20.37275354
38.60491932 17.82128190
35.80033521 46.36755691
58.24990773 42.37487040
35.39480784 23.45490268
51.97874475 29.49147097
52.67807207 13.44120950
0.74577920 45.11285380
53.68926157 21.49178938
37.50964727 21.52698163
42.55151300 33.15641442
21.11301327 59.59332203
41.42433705 39.18845294
22.75252163 57.10347745
22.80823170 42.08605530
0.13683032 24.59120917
53.53316456 9.21628619
42.09075659 56.04615808
26.84346320 42.35451501
50.77996713 28.95850248
38.75449867 32.15525550
9.02746657 23.18601343
33.37947152 50.20064484
19.21579602 22.01807215
38.34461434 28.00985154
49.63790276 4.91027902
57.19441379 36.22909128
34.24134849 1.04477962
10.85249894 29.79072464
5.63717991 21.01248075
39.30915278 20.17387943
43.60748879 30.35193201
58.03718390 59.66976244
5.88533527 54.79780856
26.22309419 18.80771058
6.16832166 44.23192821
49.80743026 9.97156366
49.26037379 59.62470785
43.61197474 1.83453897
26.35858607 38.25501414
4.20816570 45.76291392
33.78110235 31.66853329
11.61019366 57.11765164
15.87204921 22.66988419
38.05560921 55.06599447
26.03638014 52.87700537
11.38823168 45.05879632
5.15895855 49.37814154
47.09911284 1.78800642
4.18995836 18.89735431
7.06404770 19.31198887
45.23257898 26.04979277
17.59982645 51.57273979
47.03876319 5.82633011
4.55003495 5.29057086
17.24717533 42.06923883
24.06881401 27.76909191
9.82295971 47.39400352
34.87204398 54.34232539
9.09077417 10.27967559
41.69726584 30.40545993
35.26871073 9.87867651
17.94312993 35.43595441
14.57871397 59.06735500
53.87413245 31.66722220
30.03496400 52.78077640
19.58860496 13.50327189
4.39777493 24.24041725
46.02775771 40.68202331
52.94275056 14.40886388
20.71382937 55.00828430
19.10818216 55.53690039
59.10919132 12.77353929
8.02603873 40.29796204
23.83743032 39.92326289
2.42631910 44.80057898
32.85260400 16.53799290
0.34707978 13.95147584
22.42962018 19.29685113
6.70843310 13.97312144
2.18491707 32.05849541
22.89436296 0.47381345
13.50087614 27.81344011
14.04201327 2.51306652
45.25951227 47.83623267
23.80062970 20.30534891
27.71003692 52.61820072
1.84386962 33.30391522
7.78996467 44.77217157
3.82138552 58.09459455
29.04670394 3.29115027
36.93334427 5.02100545
18.67743044 23.23687750
25.59444533 42.45440362
5.78297628 51.15246534
13.48541188 39.27149387
12.57637954 26.32400356
21.58445243 1.84589097
9.16678702 17.48600565
32.30673686 48.12985328
2.14324972 18.25141122
52.08376307 10.04139038
31.76826927 31.42022913
28.82030267 22.37418050
19.07156086 42.42430240
40.80009887 41.83605490
27.74976051 35.36931285
1.78521962 42.12459787
3.17782528 24.60155297
50.06855794 33.63538953
55.77670526 12.67657005
31.19235257 38.67882830
6.30194486 49.90777259
4.46504049 47.72814038
44.53596581 4.88277943
32.02463140 44.79008753
47.52616481 14.25472199
12.93890846 15.23656966
57.68604709 2.05276808
27.35229324 58.70336102
20.16083953 41.74890598
50.74725433 0.80974451
37.60716507 20.35475581
34.40620288 38.82754448
12.51603022 57.51209086
7.61625876 55.61849552
55.75308864 41.87263886
7.06717885 23.95807150
44.07866930 11.67006359
35.93422082 40.73241935
35.16136600 11.27442876
10.00575833 54.63068310
6.02999269 48.77904415
48.09805711 47.86329726
14.62998181 28.14463913
17.56395589 50.38444142
2.96542767 21.15677536
53.99740695 14.46662807
10.29062193 17.32540968
39.93729824 43.58347327
43.53326098 34.82554182
40.07170566 11.60503470
52.52720966 7.56139897
43.03127810 36.04587606
15.36682554 17.66922909
32.18551404 55.26677033
14.23398637 55.45280365
2.34605247 41.20263663
25.92178333 55.66004352
58.35990016 24.48044536
28.88014008 27.78546719
21.47283265 15.82274247
0.77394483 31.46739179
59.88249171 42.48888321
13.22584275 56.82165583
56.18290216 35.86681682
9.45020293 45.19911787
1.04137486 46.11836844
22.74659181 21.68432588
51.68065947 11.04848315
28.05277490 9.37564731
44.00536161 24.49069137
21.73072403 27.51394223
2.58451234 52.93834668
57.66441468 12.73309389
40.14948245 34.00010949
2.94804307 34.19906963
56.61778367 0.70722199
11.65994704 46.14926726
32.09485115 39.20381095
42.42946038 12.21544478
8.75869567 37.21557808
18.94704233 41.09542482
1.50902972 53.57452070
57.91540223 43.56115528
18.49545684 15.06981592
37.21496129 49.97512335
37.98144377 6.67099046
44.40057925 50.56451472
54.08180200 1.86000158
18.08882747 46.10679557
20.19999459 28.63614962
0.98725191 7.12614090
5.90990368 52.11013840
52.24185169 8.85696262
11.36223762 16.30057087
40.97057795 13.09468150
46.38439177 6.58441150
34.47083718 7.71284718
24.30143080 0.44063716
8.29619639 25.32162498
42.33517263 57.00939477
28.67264818 10.32686754
4.52034432 50.25799032
42.89417184 29.52564256
19.04041519 9.77987064
51.61450223 37.79373857
47.84638556 49.75264037
29.94022776 31.07385522
23.66883421 31.80766274
22.46258698 16.83755814
29.49508167 17.27904575
58.47314513 13.54740243
3.17047331 22.36964234
48.28550275 52.27290713
24.58272782 18.33265700
0.76114447 26.10857288
36.68045249 10.46903686
49.66989633 21.40748071
35.25984998 31.43275469
20.37539686 52.23501787
59.69178396 11.41862335
48.11167370 37.14630118
10.40890848 37.11621662
49.06120075 11.38679324
48.43279747 6.40638600
53.18624367 38.74461161
58.71350473 44.15587163
23.00704273 13.83903774
12.23164092 35.99735635
23.03455568 18.51517357
34.62530953 16.06371672
36.53435159 5.94112673
40.26846697 27.81686051
26.47456712 40.99846602
9.81815687 22.43407358
9.78705836 58.64258349
58.37915844 23.47638549
32.03705984 1.16884312
3.19606035 48.88022356
45.20659147 1.42986071
2.01756028 19.46007980
21.56071099 14.35390525
53.04208585 12.04777667
20.55051462 35.05745650
40.91443917 43.37007242
22.78603470 40.73521999
24.07266041 5.49158589
34.71078326 5.65485996
43.59167662 37.92962670
50.67537324 16.30539570
52.45861329 0.01942142
23.32606179 24.78625807
48.26605802 19.34876430
10.39051264 31.71942598
3.71018705 42.80258219
55.26824221 23.58314686
45.74679432 13.63545241
4.46533954 57.34786320
33.03645923 29.12263891
16.38690542 43.80897382
36.86565294 41.75774323
39.67954749 57.96164489
38.35878773 19.04450523
20.52399663 16.62760082
11.73571855 18.02917751
25.76729429 57.53480758
45.98924794 35.74080115
21.87388199 40.33292997
7.81372667 13.53837007
18.90528327 26.13801161
41.12470660 32.27605251
41.68015929 58.82726717
13.45403507 18.50160357
42.80613459 25.94331848
27.98331221 29.44267520
31.54998226 37.38743248
41.86986467 50.77356931
10.78272089 0.83952675
33.80199362 54.45984347
53.64807300 29.26181749
57.84463727 27.68291228
18.57198695 25.14136681
7.69810199 16.24878335
8.37718147 50.20298237
45.38799117 6.30990908
20.52889657 5.88534698
3.53141450 0.60124707
14.82754689 31.50802861
52.37309260 5.53411451
30.02042913 9.28432624
46.68219907 4.87235156
2.19022635 2.77248366
42.54004310 42.93159729
29.90104895 43.23510415
58.78628306 56.22812340
16.55294406 7.29420139
51.15311888 19.26534138
14.24075972 26.01939821
33.82668157 28.25879331
49.12228939 46.44584399
49.90883941 20.03466476
24.67100621 7.82103123
0.70859242 3.86717339
5.10941757 8.29380706
26.14201133 16.92263825
38.46282809 5.76713923
8.31266040 38.44468033
36.64222019 52.18017735
56.11101164 7.46680440
17.90269560 54.12067029
48.68151339 17.75987212
21.39300394 12.89965596
20.40855581 18.48794498
0.25668252 12.53537103
47.12216436 44.21296259
47.71112827 55.26474927
54.98500737 42.80591554
20.42212341 40.54068642
52.74774719 37.66468244
58.67245249 47.50761466
19.57089823 19.84254701
19.93848188 39.41380145
35.96033145 34.70088166
26.36347035 15.79640066
50.09839814 15.31646109
19.63978399 17.85762291
26.83872086 55.99864688
26.02551942 45.54948410
5.19690407 59.42535975
3.45327976 28.90723964
11.94025587 15.10232152
36.95697500 51.08963242
24.36092055 34.90919988
9.52355917 16.50477938
30.31000005 25.30178422
15.64831292 56.38136097
31.30013897 11.96633699
0.62095104 8.99525640
41.23699063 21.43309337
44.76289353 3.10944536
39.61847792 46.47095741
51.79020448 16.04860351
28.84002548 1.37094737
30.57457276 35.83594857
10.70030184 28.40841009
46.50201108 29.77127900
14.80046301 26.93135274
38.21550956 11.28567366
39.65002271 31.32945928
2.19916854 13.29336543
35.63271856 42.61893835
34.51184351 48.16712263
7.37253137 57.47281147
23.66739230 59.10349991
3.39818237 8.71310907
30.57598941 3.58561760
11.13652956 39.54912198
24.04528407 10.03289553
15.68574977 18.63452541
4.05606117 25.70223126
19.36911740 52.21256124
44.91124185 28.84842442
9.38018707 21.42756432
37.01812971 6.80716138
18.61820987 19.25631274
59.22970973 23.01724608
13.83502805 42.17747982
31.11686590 51.55719533
20.65183509 43.44975539
52.50376528 22.68382569
31.42816855 43.88669580
11.23811132 53.86863137
1.50232990 44.46010275
5.26262797 43.10293087
23.58577837 47.83081805
6.30647515 20.18076396
58.81102607 26.90076267
58.73154511 1.54865157
59.09947272 41.07896492
56.40879304 51.44571268
35.08891163 6.93528384
30.90608512 58.21677161
34.05497588 49.46766927
14.10742608 29.76152740
2.11755078 25.39319553
1.33856162 26.91342610
46.64455870 58.31678244
13.69212836 3.44450377
37.78442508 27.06217539
41.12296608 33.99886746
42.02287854 29.03919279
15.16307816 34.24106419
58.78097454 21.59131320
36.19149817 19.02749935
4.34638024 29.44236856
41.62906911 40.28988520
39.73194437 58.95748637
15.47445484 4.95731833
24.29129925 6.90672923
53.12707471 51.80186146
52.14497737 1.92641906
38.66116840 44.84191890
27.00390634 56.98283617
42.75724618 10.53115938
32.39210991 4.38308675
46.46219953 36.59260619
38.74638203 51.03562234
42.29934381 36.67591064
36.62474311 15.89893575
28.31775553 5.28306616
33.13025475 55.54982028
13.05845644 40.18265710
52.30248133 39.46802418
29.58713427 0.17641199
28.90053864 35.47949273
27.92360320 1.00969596
16.73566801 49.84518580
28.34372600 51.86803730
59.58612523 43.73297983
4.24617392 59.06427125
34.65435383 46.54695892
49.07619684 52.87134196
6.48730525 15.94914432
20.91909448 42.50857494
52.91530419 33.37548824
24.58266875 37.58290310
42.46459515 37.64213624
25.17471404 40.60513560
25.36097181 36.74418797
53.19198725 17.23282449
37.88029732 8.49289437
55.65001047 6.60038390
17.13895601 37.83746077
28.88955164 21.38113510
29.77748447 57.10467714
3.04636904 19.23439769
43.54425010 48.69555831
44.47506639 31.40678052
0.64961794 40.38110592
45.50593972 29.92472926
53.47616325 2.73151021
45.04374327 35.54634583
5.04274040 56.25389765
43.87890102 4.13835512
39.63688159 33.13962821
14.46383717 13.09672010
32.34978402 6.21121980
37.17536160 9.62354868
50.39692333 46.08021545
2.45872963 15.18005690
35.76241154 22.36084491
21.89093325 52.71059189
34.75051522 28.63424472
17.31591357 5.68091323
42.69065130 47.09413513
15.98684629 28.03631086
38.01700824 39.99394825
57.41964991 41.57903041
4.18836693 17.70862166
42.55948169 34.80856965
27.92426589 11.19629728
39.92906133 40.48652622
43.78910393 2.79143495
22.30255927 10.10470433
3.74291228 33.35912525
33.55398980 12.55159333
35.75374796 53.92204550
59.12254292 59.68070321
52.21966721 57.91344895
7.07066647 26.48390426
54.99796938 10.01581558
45.39060920 45.90387642
39.62291035 18.61795236
5.63332602 41.02042979
38.94289095 12.14842620
16.58221757 25.39843569
41.66982580 20.54613323
2.76322745 11.57372895
24.61224172 16.59982549
33.32399241 6.30994163
18.10511090 59.24898520
4.16391056 44.67548710
1.35121324 14.90189435
22.25247023 53.93802933
35.04806425 29.95885150
15.13011096 16.12390869
26.36986231 22.98256796
50.58689547 42.39971427
37.75472098 32.77556882
27.32120589 2.49876126
52.60662861 28.75033066
37.85297855 31.70275727
24.96541309 11.49402377
22.78926766 33.78548264
40.58252078 37.42077521
33.90704427 30.19185976
41.88705180 47.75743397
34.16736010 32.78562790
41.36791819 24.77848152
14.94557199 32.74014488
40.15430071 32.24886189
16.71423482 19.39219623
40.48582569 57.37209228
5.95138492 45.20054577
12.90276544 59.86794643
2.32540222 46.11728670
31.93989954 43.02195332
15.40271609 3.93613748
33.97091086 17.45082798
30.00073501 4.74050057
36.25941030 31.46696783
35.63886563 19.82988800
23.03489754 15.20819336
50.36698820 10.80139235
21.42656715 19.08911475
18.85507325 57.08561654
5.50143400 18.52877687
31.26143018 50.41172477
3.74528504 5.87788182
4.15839973 23.28033259
11.26750012 35.77175251
18.78564586 3.64467156
22.46846155 43.78037803
49.54567428 34.84841670
48.93584577 9.42145651
3.97318122 40.77371690
28.06384055 38.32945456
15.87128060 11.72321691
29.00028844 36.51970520
26.65747065 58.01878795
31.06239137 53.46005090
13.53619924 31.64819436
17.81970889 42.86458444
46.03491902 31.38727144
20.04813982 21.17637685
57.57485965 34.53866863
59.95910394 17.40480876
27.26949759 36.80433065
46.74542036 3.14602333
29.32860192 41.00299424
11.44411830 54.96776022
31.90999023 52.48187919
4.07080857 52.55707148
13.97336266 58.27401501
53.72296499 5.42447608
4.88622286 22.61064746
56.80403271 10.59592275
8.46173781 46.36847097
17.27496986 15.68728000
18.90682190 35.14809245
17.37987638 43.74883717
17.36731309 13.82125684
11.26973276 40.69169611
28.97158077 57.86567069
8.99321974 32.88493899
16.68727414 39.40934049
7.81930522 27.15575530
5.40637543 46.07671099
50.88397654 9.27204681
16.36998397 5.38197366
43.37653272 41.85170549
41.16981081 38.22297064
28.67585555 41.76700139
45.46772412 48.95836061
20.76945263 56.60850180
39.47781876 38.96597782
43.36447393 45.77083885
27.92319081 48.00785689
54.82490193 27.03788943
44.88074001 38.82651428
43.96444321 36.38035341
0.33941507 2.79565984
1.02160988 41.50507474
54.53288711 30.87245284
4.25825651 30.70974493
2.40702380 23.91894881
45.51938632 2.35659255
50.72882248 32.43445564
55.27386159 0.09806906
6.16055459 25.67784574
34.74097591 42.18956434
11.48698841 23.46466690
52.91088449 43.28910448
57.53171432 22.92237041
30.57609497 36.97740839
26.28169118 1.11191953
36.28863051 29.76034616
3.61379205 50.63905448
39.69817862 35.00157793
28.33684200 54.94712708
14.00219403 44.89275901
50.75593043 18.13528048
31.33463032 8.03907527
36.74960575 30.61974346
25.55616852 18.08684494
18.55255994 30.93149668
44.03504557 33.97965606
34.65513207 24.31982788
26.79841399 52.24487143
22.84230576 20.62872031
49.46988614 43.12799326
54.04393946 42.51933481
44.37937573 47.24852886
9.09361843 44.28017911
58.51433982 53.52460043
38.02054184 16.90998796
43.91454848 58.70413223
16.64151044 51.82794057
46.68417059 18.47695456
51.08143313 57.84266937
43.31788741 17.92557305
17.04085628 57.73517615
48.84750405 38.95397846
29.12945735 53.16890133
33.72288387 34.14265968
45.52480138 4.88672644
3.59455545 27.90272982
54.75261111 22.69677413
15.55784389 21.02751855
30.66395956 22.20174641
26.83534677 9.82409971
55.50064688 4.80853500
18.97635016 39.17681629
29.02742645 44.47152872
5.72424419 14.29434705
58.41263160 50.36930943
41.59474766 34.86793356
47.59675739 17.23936580
41.83056447 48.76091020
15.87152936 42.92464001
31.27611879 0.55870913
3.46537073 15.22026350
29.62721572 2.20387384
46.06598077 57.33605989
32.58483198 32.28025780
27.43400382 17.68142812
14.56186002 9.99075563
51.07440757 51.68120567
2.32848909 22.87271130
37.40180424 28.85815796
26.41003211 37.28099261
54.29067521 52.52241818
19.08473701 16.05573866
51.37722224 38.88928672
4.15298434 16.00720862
12.58127422 52.48511063
3.21522175 43.71253376
37.25727602 59.86266570
56.10006689 34.87791334
33.75404826 47.12711324
56.08094543 57.91456203
1.46839856 12.13646582
29.82868094 22.89340928
11.65559870 26.97561561
21.86902329 42.36412163
56.55056885 4.39147153
42.68768781 24.96197369
21.38633418 17.71254182
15.77404850 37.93818081
19.65322130 43.60435916
50.24155269 57.00117008
17.13744515 56.76294901
50.94742846 44.15113259
43.86572883 9.83649938
7.30749969 2.64706599
32.99764543 59.70559878
45.55467284 28.11172752
42.92402763 38.90482218
37.21614510 11.30157093
54.80901605 56.28642708
46.66109385 46.20771076
28.40868184 39.90602125
51.02136563 59.87855812
7.09281764 12.60476108
2.02069685 20.94579603
13.91491359 59.80142883
41.68919316 26.52597400
21.63736876 21.95735633
9.47086298 28.32340139
55.05929640 34.46858632
3.82464711 41.75235015
9.07260591 40.02643182
24.48197521 1.50000636
27.94225511 59.70692672
55.50830036 9.17766818
56.37687971 48.67825935
4.66106939 42.31216160
55.00663401 1.39947712
41.94615597 2.17224950
14.96022535 49.61927021
58.15589800 4.63821470
30.31531761 8.20658617
33.03260464 45.80560509
23.84165559 11.93702232
15.62003580 24.33668004
1.30737627 2.11126422
31.08115656 56.80829777
14.29954403 23.36940851
28.19604086 50.90122472
18.59276944 16.93084288
2.55186382 16.92007569
16.83727805 53.29157312
51.95200659 33.15166563
50.41169044 49.64549049
55.91800912 16.28470468
23.56134988 41.43595724
48.72506564 2.59364574
25.27665097 0.11867333
7.54345966 7.88640236
9.23777891 38.93077420
39.29115142 30.36187017
50.91609173 47.01589764
11.64433775 52.86338142
48.48515351 15.71576415
20.26765613 14.31691599
38.59403557 38.18796696
56.90499213 11.95353695
25.12914930 9.03253810
22.01907153 0.00661623
38.17397895 33.96392237
5.82847998 30.16834835
3.03778367 14.15488735
12.78974491 42.41231498
44.62735582 37.11659673
43.44087402 39.72875271
7.79843004 6.12208949
7.29728163 33.72539113
21.33527713 34.20079983
40.83160956 18.90806746
17.11819307 29.30583583
55.00404547 3.17080057
30.58049452 34.01744104
44.43888417 39.71081726
47.00834747 52.48035448
11.26514506 51.11586421
5.58350442 17.17619528
15.65330323 6.54714490
46.33604036 14.67411342
43.63507337 18.86616155
40.80454094 0.71359217
51.43063931 23.52557192
27.13817721 14.85442986
43.36079080 27.67083316
45.33921649 52.81363463
17.99292323 22.22112808
40.42745890 30.40465951
10.43238876 45.31720831
50.93374949 27.90839854
49.36866644 50.97110633
5.87220550 38.97923037
26.94857907 5.31263361
6.75288748 6.16378002
46.76796933 28.64931713
30.69786206 27.76396924
15.88591641 50.29374136
41.59153554 33.13901171
6.48103825 7.44617244
42.38366310 22.30702800
56.66037276 40.26552233
45.16558489 15.33954671
35.54447206 48.54583754
23.74772836 33.53226358
12.39733843 40.92452960
48.86368358 56.96540294
43.75342903 28.57345923
27.23520724 49.31243064
23.23099949 10.58655561
40.53202467 47.02447932
10.94807593 25.37009686
1.66196902 39.72949617
27.24236108 50.59539361
8.24970689 7.12369330
15.11526324 1.60094030
16.28117061 3.45588313
20.31503053 25.77078317
37.92392453 4.92667927
24.79315438 56.73622180
31.82448747 34.20430594
49.46088735 16.96670073
13.11565563 55.83138706
27.49454710 54.04697846
40.96547917 25.86429276
48.12198366 4.01611951
46.00649460 49.94844851
42.10335964 4.00605895
42.66371554 20.49501820
6.72799309 56.25414110
14.74210731 11.54135723
30.12039978 59.01918518
53.15966551 3.81328349
