41.51201705 35.33733937
17.88319885 7.41354887
16.87877557 44.60880084
23.58688425 24.32112315
22.14987198 47.84958297
10.44897881 38.81908933
51.32645615 42.81331552
13.98686337 25.32513817
21.12191166 57.02257815
55.57813484 22.74132910
46.43919916 36.48704988
2.40645326 14.53874494
31.85675841 51.30016572
1.72892754 5.67421818
40.20399811 33.60356303
28.51993072 3.15843773
29.56147777 6.01263952
25.13285540 53.37103232
46.43822138 52.85311002
24.54136128 58.70350890
40.39792206 28.71029973
42.24765510 16.39770753
11.26773489 59.90996406
59.02727543 1.39016903
43.23227566 41.91418038
41.37503942 50.71790152
37.99614971 11.61034335
24.75961583 2.17700668
0.49619364 7.79661937
25.69809719 41.85794038
18.39204081 17.76186189
49.45885527 49.77611635
58.93648209 3.53586302
35.91315823 20.04938892
59.23381052 34.54227942
59.71023279 47.14320756
28.83035370 35.28545634
33.85321866 48.88019011
57.29216226 13.33455787
27.97132583 16.75059692
17.80048827 42.23489763
46.93142516 22.15321732
34.61263850 57.54376843
31.54569134 49.15992976
20.38799853 15.38601115
15.57033547 53.52132654
21.76798259 43.79436662
51.02222439 34.81259152
44.45949673 29.81378172
10.79060254 34.30112320
57.63210175 43.06662884
20.18489165 16.49611118
52.61765452 45.80226771
39.79844620 54.30409404
51.44964807 5.35052115
4.89018588 27.53579961
17.83419330 20.14813333
24.54546593 22.52772492
19.27033350 51.40095393
45.63429013 34.47689373
40.96799519 13.38422335
41.76365512 24.31395427
56.85040253 31.74402197
28.89381473 41.46834856
24.31629081 6.90805477
8.20248616 18.26885311
48.07807951 0.16770143
36.46992216 43.75958601
45.74629604 23.76064348
14.83625946 19.85828965
37.26301786 42.10838461
29.49670165 17.00666688
54.68076393 12.93937531
15.57611005 1.87244864
5.16176629 15.86281654
51.83066513 24.54983656
26.42299431 15.39371246
19.84295255 42.26646977
2.57559236 41.57267942
48.78822772 43.15745219
59.84062950 32.75162560
32.95463415 52.75552723
26.91633920 39.81361658
19.03793698 31.36980544
18.38424498 34.20583535
23.65084979 0.23615096
0.35909794 36.69423654
55.78592794 15.35823449
5.55425036 35.64901640
34.20549689 9.99087234
17.53496238 23.25766239
27.10211899 25.06772316
38.12525254 51.62658907
58.00072990 27.89668023
18.61003878 26.14266120
11.38431793 52.93683745
43.70218407 19.02120632
52.72371421 58.30826885
54.27019090 15.09457210
15.19751434 23.77372477
21.66602637 21.22047566
26.17065808 57.61589075
50.57546192 45.03885207
45.05461584 52.43191379
24.46882838 15.06161219
42.79788323 3.14113920
27.51906811 47.40109963
25.55839948 36.63481911
42.94052609 20.82990650
58.96828000 49.32280317
55.63159923 57.66974130
14.20115519 46.43142876
3.10779269 52.70370321
0.21013883 17.98027556
45.28454454 31.18486366
49.28572360 56.98027139
15.46072700 47.85818674
48.22024919 11.48343859
15.23517657 10.27721034
43.80877456 13.86707551
45.22072571 21.29432941
49.81212576 7.09409897
47.76693533 32.14950913
30.31181909 7.72778816
56.90575631 4.26977685
36.10981469 9.05423713
18.93046710 30.36120761
47.31783090 47.99388607
19.52340001 45.49258228
2.70179253 36.57536797
6.97931784 39.39357538
51.68627864 56.79256932
21.85210303 8.66652371
2.49466828 59.27392449
15.68270554 36.97617058
23.42056342 49.00262382
24.51498597 20.58014000
33.17366399 49.58446258
18.96683652 13.86353748
30.70820310 58.09806882
20.84138374 26.23072265
57.43857583 33.76701046
17.79497895 44.93904003
7.70598883 57.28694608
56.51381440 48.24323305
32.49052590 22.93712091
28.85473695 19.41842846
50.22170013 20.31041810
7.08981039 52.45032546
2.28621287 39.08858344
58.28557554 38.90237454
33.59272153 38.96067252
44.66276874 46.91055401
41.59557674 11.23381084
31.19842798 53.63695684
25.98614153 59.91444218
48.24349659 19.29789156
48.20264626 34.85816655
13.96670338 48.68013451
16.75759081 8.80994062
57.42752870 57.31164855
13.80088450 18.18518750
20.48968432 11.13875680
47.04359016 38.33698801
22.36600594 45.89507828
29.87738245 37.12701421
8.11934632 25.69472652
1.73717559 32.27215597
45.45669720 6.92161188
26.82141848 35.32690274
46.95604908 56.18770917
56.03933030 55.92972964
21.79303419 11.09484628
57.94394323 12.57774193
53.32410533 8.62370061
3.17423027 47.59561031
26.10333189 21.55598130
6.18744704 18.76651919
17.12156192 12.40544866
39.89630225 52.38242314
9.87750929 26.31561966
5.73433146 40.04205715
35.73187446 48.90500669
34.49252210 19.66506691
16.83305651 52.54258485
58.30708667 47.57358377
27.78381074 59.34576896
28.32432726 5.10485027
23.15974399 40.49045238
35.83120736 23.69515610
57.91118816 2.81050096
9.15472985 53.41283527
54.93188900 30.71206597
26.62117565 8.30596751
30.56189138 35.81118526
3.82100839 14.85259843
27.65022209 36.75236967
15.28666838 56.19104860
48.60777097 47.12776581
19.78297445 11.78146439
41.62473179 8.73817562
44.42846728 31.76197056
5.82491827 1.50715940
36.50162973 36.17298669
28.63223487 8.10590198
5.93787827 31.22307852
7.51171152 35.89604088
23.66599087 1.35653173
1.01292376 43.69090424
1.48218286 38.48418478
24.17330112 16.46661208
29.98818985 10.89764306
10.03516626 36.50320555
47.91917813 52.68856024
15.05735519 11.67368291
11.87877205 28.25168162
43.80166874 39.02987974
35.86967871 59.29039229
25.40471877 5.08878828
21.32167924 12.91265075
44.58396155 49.26676064
1.05454276 0.71983111
18.05259397 1.88419862
18.68321822 54.50185303
20.47428472 45.32539810
47.73863604 7.30138995
54.72784693 33.13001043
37.00374636 30.28016305
2.70431968 2.63036060
3.51921401 43.09341962
1.13252456 20.93243445
37.62798420 17.79536896
19.32065962 37.41667980
21.17380453 41.70569541
7.10106288 5.53969609
59.65457088 44.38599515
29.14489988 33.38431830
47.19150622 9.09059038
13.35140112 13.39053925
52.15282501 13.01024589
1.25986031 48.24584240
8.12647267 36.66871137
45.00217054 56.08628359
40.05925072 14.64998110
41.11491855 43.30839011
49.78186269 41.69235387
45.37425664 58.06884102
3.69661259 32.23615337
9.40764823 14.91693209
15.06389053 35.05910334
16.47161190 25.41433296
5.87039595 56.73450318
20.93949374 50.85163123
4.76374361 22.27003051
6.61693018 26.41164416
4.53678186 20.58107792
39.80598947 10.93085350
35.29041062 34.01502454
16.40431350 17.22920613
13.33905545 27.35857209
14.48346071 1.93949006
40.16119564 24.40650292
17.03387031 58.04379935
43.48181027 9.40287324
12.61150991 1.32064517
25.31541600 24.26579432
37.96711931 33.29211164
16.83477316 35.71474709
1.38953118 53.14998503
27.35303427 54.66541833
34.03729084 55.47674848
28.03622067 18.87856286
39.28066474 35.10036171
55.72255156 20.44564951
27.06578075 6.67206664
12.32592575 46.42847690
23.20245845 35.19540156
9.08943491 28.71033698
57.85761810 46.67180275
21.54697716 5.35345478
2.31774545 54.34582943
44.20123796 55.48858237
36.11435551 56.21596865
11.38795322 25.41022904
52.75905643 21.33248682
2.90444597 25.78566648
11.82077587 37.38638867
17.12725978 0.15328345
56.80919371 59.24860667
59.65661209 19.72618400
49.55297292 38.80709864
13.97378272 54.68522530
19.53280042 22.49414081
35.83875842 16.01198537
35.35198665 31.46646688
17.35721467 55.98398374
50.45238122 0.13449032
30.07473179 33.68678156
34.02867450 22.86616861
27.94443066 45.48697993
38.06234587 3.77651950
30.65968266 0.99206041
25.05432146 55.67704462
20.72712876 30.61548143
3.39991414 6.65259864
49.40029042 47.62843336
19.97449449 31.69474750
46.35520808 59.78712259
20.58144303 34.84759564
53.68411274 10.04103974
8.74982174 38.53589283
3.85252140 40.24500729
22.92652532 58.09595163
54.08587437 56.96296891
46.54528688 11.64090638
49.90005686 27.40219768
20.07610003 43.61343358
16.93982831 14.48090271
53.17385133 26.92426144
32.66340490 57.75997853
19.29520516 0.47340371
49.84868994 9.68525880
22.62549696 21.89300331
36.25167730 11.37656456
20.40266714 48.55626744
47.88627184 27.14939173
13.00629674 59.01322627
32.40949417 18.83985067
43.91762866 11.33484142
28.45910795 26.25606291
0.47663748 2.81826358
12.15905821 17.13923139
47.05518968 45.34281181
19.63012483 6.24960897
21.78146773 24.06310542
58.63510642 8.36540068
26.32583863 33.70528496
13.45529479 36.24586801
40.65905021 17.81746763
49.27952651 25.14987326
59.64630706 51.11574010
59.72009576 15.63961203
48.14275741 10.49136773
43.08411401 22.83739994
12.26345235 54.37884060
12.27499845 21.03237817
17.28014662 43.08564463
26.70693707 3.27903792
1.83123849 27.26797525
13.50714939 5.73368533
24.80294518 57.59830861
15.82955409 13.86531971
11.22530581 54.85400640
48.85735954 54.56764343
28.02850417 23.45456000
20.59489706 8.46160431
59.83713828 11.34294816
41.39383159 56.83588355
44.21700258 44.17853330
35.38521895 42.31873293
39.55950066 30.82829137
51.29310704 7.98043148
56.94092543 55.57459760
37.51452868 5.66977603
39.01568788 27.20766534
35.82331111 18.48254291
47.48862660 14.69012064
4.23068366 38.20469807
45.08272581 36.98901008
32.98891066 36.61876006
35.41493322 21.33704939
2.34451802 13.10323597
59.11713561 16.45010630
0.88571612 34.43526102
5.21186436 38.26472383
24.76413419 10.92093496
37.31284922 14.23462423
2.17677617 29.37644471
42.39560751 45.91326863
28.96420125 0.33435938
20.25888302 3.67637810
27.63017855 31.79131136
27.49533164 19.94471898
42.26383231 37.13777650
59.90005631 5.15650677
40.79757142 31.80553445
28.74093904 21.45108445
9.80943172 40.19089493
44.66160292 5.16323240
15.44697912 27.38616037
52.86123462 28.59278126
34.06125632 35.64465952
57.70235017 15.28130057
12.16224375 56.53535573
22.69143644 3.27711855
41.39961304 40.36777513
46.00209947 13.48971045
16.36661365 21.10577823
29.38950606 54.07832774
4.33246481 41.91762763
10.13492064 12.56424196
36.70968102 26.20041651
31.94003851 7.79662793
6.87058695 15.84317666
18.73111352 43.98713867
58.23608689 10.30264621
46.93621894 29.99072506
18.29351719 51.55088475
58.51231611 0.40369165
21.60823168 59.73569144
8.63094672 4.47537212
46.63127947 18.13886255
30.53136044 23.11677187
34.56949082 17.85175848
23.22015560 13.35398309
59.50651237 42.48203141
36.52783891 53.27078152
14.74035731 36.65821786
28.62046431 43.94630020
25.74743883 2.22957643
16.78599654 10.67494772
18.49157492 9.79307906
15.84800848 18.23388144
10.88701535 47.82107189
22.01953005 15.41388240
37.36404940 7.85828311
59.34473221 53.55284613
49.71819262 12.03886356
30.16560032 55.77381177
47.52050787 50.95202023
10.55490142 42.05731595
18.08624910 12.19888960
11.35902570 57.97774241
40.83835521 36.07442356
57.64462944 19.51766900
40.82255071 38.49920606
28.98296894 25.29099243
2.74497668 35.05194361
10.96086253 27.65177555
14.76150528 16.14852237
53.65056349 22.82385765
24.78773946 18.35358456
50.59028447 29.22076021
26.20079053 38.07451899
25.38933556 38.62231661
50.41267573 1.59394293
40.03736841 22.42467514
55.15062972 8.05473619
37.44169529 28.08846764
43.43990950 31.17868402
56.59821950 17.17032323
58.54052882 36.15517062
6.96446780 49.25315164
38.75579525 37.47714646
24.49496540 3.38097620
51.29649187 49.82015898
11.09235550 12.48719011
52.97126113 7.72322439
53.96920085 33.74909744
42.90034562 30.41250119
28.94834595 53.22145313
31.99465307 52.50465637
24.89877127 54.33566460
33.37686848 16.93539158
2.07625482 30.93295466
4.79183184 14.95599989
20.53835717 13.49856066
51.72999836 41.92655189
6.64711275 56.15916843
38.43610101 28.00971568
9.08439524 17.85241349
18.43486913 37.01893971
14.68522302 56.93707772
50.71167244 56.88755146
49.78248465 16.85918452
15.87051308 11.07144533
41.33748568 41.34405535
33.55415866 37.37332304
36.68789123 58.79129937
26.85630329 46.68413947
48.14433912 51.72174969
44.26279364 6.05204973
10.55101864 52.49509938
9.83235899 34.05719527
11.00594249 0.84559417
17.69691522 43.98476670
31.54867780 26.33099962
42.10244152 57.50530422
7.89978153 17.33051681
8.05366553 52.46157680
23.06111031 9.37857103
13.85735484 1.15621689
50.37879514 43.02949213
41.99592278 51.43101366
35.71474856 17.34053297
12.27333874 20.06490660
3.14947543 58.56999021
1.95408920 28.23640757
54.47776075 41.32027726
46.23415971 6.05216514
13.08807440 4.84936098
21.22317005 54.43292234
30.41567989 34.59236291
26.25682115 24.57237307
27.81005149 30.76712914
42.20769701 46.85667755
11.02933521 28.61580940
6.75436201 57.13990191
25.04020160 27.54140260
58.41327680 53.01778968
20.51385012 35.82325348
57.13205587 3.34835931
49.98562589 24.47206056
3.19856815 53.96828406
17.76719005 8.93041700
17.03035100 59.17942766
14.48707912 47.82978952
14.30341224 13.67381657
45.59022814 47.25301485
57.61488123 14.27839019
47.75413501 22.60701179
12.97485567 58.06032747
18.69973635 50.67179165
58.51436582 35.18934266
31.55115027 48.19289199
34.65051278 21.99241193
40.85053519 56.04076208
57.08936747 32.86455246
23.81678499 2.69540535
44.28777356 52.98227063
20.41845009 5.66226011
16.18301820 54.29036741
16.35495061 0.76020998
35.66306415 14.33586078
10.14505173 42.95673165
15.00179118 28.50038877
2.48127569 6.94834261
8.49338308 14.56046103
14.43793929 27.50130520
46.15308263 12.52874824
19.65294862 35.08967475
31.64575171 57.76766490
59.62344731 0.68033904
41.88084723 42.67552663
40.90041041 37.02093210
19.42449584 4.19325057
6.43535160 9.54635145
22.76181009 8.32546149
39.51236204 45.14488484
53.36468971 59.03234351
4.52531409 17.74604524
56.23680845 0.21704506
43.95347359 41.29427295
50.35046011 12.74484809
36.29879774 10.00929126
25.47518694 56.94179037
34.80356170 49.17327639
45.31652506 30.24723610
36.81527841 7.05705228
46.70034218 48.70831283
47.83738976 42.93153507
5.67210246 57.67035746
50.34440025 47.81123288
46.61755908 37.45154611
1.14280299 17.71895989
30.30938863 54.37313866
6.70501874 31.84360312
44.55890787 18.55076942
37.14688409 10.91013706
45.43020439 4.60225968
7.17207625 4.59284742
27.63142656 2.78014224
14.47918363 55.50838602
52.80118232 26.02371761
43.90627800 12.31009257
38.82169898 53.95601257
42.59099836 41.19033935
18.22518995 43.13348856
34.50561247 34.75726152
51.81139975 25.53837302
18.84320611 11.56598347
53.92170504 14.07113351
22.93753985 29.48936269
36.34747072 42.50493301
46.87413382 53.72805702
46.26378802 9.31366098
3.37970605 10.08650641
36.77688344 49.00464871
40.03478855 23.39963386
44.91735680 20.35522825
44.35448788 30.80554907
6.89590029 34.70065908
45.98958265 55.95430622
32.77726096 19.76854757
1.81985537 57.51804253
25.53584943 3.14901931
5.14169653 46.19912222
7.31187024 48.35929360
47.36863139 36.66459997
3.92711005 5.86208550
27.02305795 34.38078390
24.43441254 38.59510889
15.02038711 40.49756763
51.55383329 29.13293495
34.67619571 2.95829163
41.37904478 7.81719570
39.57871363 53.31933282
22.25784342 58.81185003
42.36139593 23.53662248
26.58065007 37.19404750
0.69349636 21.77062353
21.33498222 24.93197295
52.24663988 5.91349074
50.39974881 49.45795300
56.00796656 7.64524290
19.78513583 30.78387560
45.03843685 13.58697702
41.15374560 57.78500851
57.15881635 17.95904709
23.11268533 48.06887834
38.50377896 5.83313818
27.66525437 40.42398144
47.35928312 11.07029065
56.07186523 21.88304486
14.25811880 49.59528735
51.31976800 1.98550611
11.34461169 57.02931290
30.17926478 58.91287456
13.48167601 32.00524527
19.24459635 43.13946155
44.51255966 43.25801236
31.46427118 50.36879593
46.99436077 26.79585505
58.01711980 3.79749305
13.34677702 1.99226390
47.26639694 15.60905609
48.87667961 52.94769526
21.80857686 27.13026109
6.59938289 27.37203752
38.29119661 7.64395345
2.63309936 26.71285129
18.80874802 48.62541304
26.90668083 31.16075452
27.42735107 22.67231454
4.77429649 52.83545148
5.39681930 37.30742265
48.70838539 32.45504392
54.18407513 8.11923650
20.89513357 31.56526890
4.85980279 19.67716600
50.45921244 19.38653584
37.84651258 4.74768917
57.68210480 27.00435164
18.48956510 38.21342415
32.87028615 5.58670503
34.44600511 42.04589311
48.50133917 31.48305068
56.99020740 34.61263282
24.58289948 31.20911079
41.71405107 45.22487622
55.12266805 39.74352695
51.79309745 48.99055544
0.59693798 18.86867213
29.55343953 43.76346965
25.47674630 15.11088442
49.17756005 34.86676253
1.67882974 41.91794777
57.18508229 16.13585485
54.78971634 20.64619964
40.56987710 35.14408602
40.20776075 0.53429383
47.31244624 10.04507815
16.54266791 1.88783209
59.63634755 52.61920779
16.54467359 36.61362084
27.09198659 19.09057348
3.36318390 56.29564045
1.77338916 43.07410763
47.66701232 47.11489191
7.58045878 26.50207883
18.06884343 29.96394575
19.22757538 32.27237388
12.54954586 5.71857208
59.72335347 17.16389292
59.77450557 20.70805811
19.97602766 7.19424648
40.70076661 9.03444852
1.78794187 34.82224667
51.64242005 50.71180836
11.29962653 22.90965634
34.95964074 23.20945375
1.81241395 21.99338123
6.54860645 35.70342041
6.74543153 1.25846044
6.09723950 49.66486655
48.30942843 14.22587582
29.56759395 8.35616214
2.03965023 52.46650854
0.04520835 31.81767804
13.03945802 54.93258152
7.16786705 18.94682751
52.24990181 43.02233739
8.91904481 26.23087343
43.12022577 42.85443826
4.39942974 7.04656557
41.45488065 46.19097539
18.19768463 30.98076298
15.13056193 18.91891187
19.29382332 18.18329486
18.71255535 46.02020563
40.97700037 24.90191695
24.61682476 1.09925507
38.98756207 50.76600462
20.96773802 29.71281949
45.91854336 18.79948394
32.18455645 37.11405879
28.11109368 24.43662338
13.74536585 28.36538107
19.54656395 29.64601881
7.89450735 39.03651709
11.32369955 13.99523508
45.29013798 32.12750159
26.30284432 50.25263020
3.29047183 21.09171430
41.30407572 49.74381391
41.15791234 5.80759051
16.78977977 26.34119723
57.33815048 38.85286217
50.27827972 34.17268716
20.76402266 10.24642709
3.75287790 39.23965397
33.55180497 1.43007876
39.72230713 27.89388327
30.22214544 47.59975313
23.77056325 10.87388627
48.99113138 20.08985439
57.26685580 45.94343793
57.77909157 59.45243113
36.97156265 52.42555943
12.67709228 8.95736055
14.54908651 20.76262183
32.54068098 48.85501548
15.47424992 55.24487423
28.26008448 4.11550588
51.77548896 34.06584967
0.94070280 6.93066375
24.18608295 53.64332141
41.74792579 18.32449915
29.60589577 23.43025763
59.76985044 46.20292779
23.57709159 50.27742655
58.66873266 15.59915535
59.52169581 7.91662997
26.96444709 10.87008347
54.35510553 2.69836854
16.32744552 47.45259944
8.52018416 24.84404359
47.13898961 0.33017086
38.87791648 11.18713274
8.37669835 31.60444083
52.51336274 57.33074975
7.70362467 8.55980524
17.09278729 45.54904275
53.55596421 45.60936185
10.85423450 26.66196058
36.51714972 44.72731183
11.35306873 39.21180453
17.84948666 56.85673880
1.38453616 54.11181201
29.19422758 29.17510176
20.00469024 50.59177090
19.54808860 14.94150506
8.44141464 57.89755148
1.81149109 59.97130737
59.18875108 4.48576752
16.85440153 56.84824010
58.60799289 19.36036540
56.29265996 56.88099220
40.94445454 23.82271704
0.56336784 20.13639820
32.30997178 39.34825521
55.64172661 58.61607679
31.13201791 28.21883796
5.84635929 25.84321935
23.91681207 57.94316033
45.30783759 57.03284252
37.02989971 8.76131192
13.81289221 16.35410421
26.79458850 58.34576664
17.91924939 52.43955103
22.75000897 49.72033474
45.58703819 49.68756098
5.63307240 55.80584935
5.67891413 26.91172599
39.16328501 26.25942907
15.79711761 3.34383342
43.52470643 29.63824413
15.42083301 52.01478651
28.20515067 33.37591792
0.92807493 35.89566048
6.29443843 48.56547204
37.75387926 12.58798486
33.36568469 34.75190775
8.90191751 40.45406258
52.80903907 22.31222288
24.40330537 11.84306406
53.56452885 29.26525161
27.20685415 24.03127303
28.01600867 25.41738421
17.80848291 21.39360362
44.74623477 26.75682192
51.46692594 8.93020727
9.17675949 12.50451882
48.43460937 50.57068539
10.18724204 29.29603916
13.13581728 20.56096561
40.66379453 11.56373053
35.59004638 46.59633835
56.74574064 42.70143943
36.69315726 18.05776183
50.91741320 31.42131088
49.14434684 11.25472860
59.19778053 47.94615252
53.40405570 23.75013489
34.91422086 18.78293446
46.37849749 33.82667021
22.01056397 3.99068563
41.15879315 39.41862041
25.86862972 54.00689750
25.34012240 37.61693563
56.57890169 20.00614340
54.73011421 10.08077308
50.45445445 52.65230104
19.47147197 38.38176683
45.94065176 24.70255263
36.50390603 29.42194146
9.21351400 20.54610470
30.90618175 51.18368629
17.31729439 24.21363875
39.21810314 24.38446065
50.46092417 6.09688767
55.19418320 37.35016790
38.83511146 57.94621915
15.07148941 34.11013779
12.79594947 18.14361215
39.63979158 21.56343148
48.19087241 28.06715108
57.59957269 58.24032393
6.25376583 51.97436308
23.64506129 22.11542714
6.06033739 44.91896208
50.19357574 10.61002092
45.98039073 0.69727657
42.25960254 2.33345578
26.43574847 40.68115556
4.14702581 47.73497282
28.55772489 31.41612956
10.40976602 58.13021877
18.47312377 18.75684904
39.09435078 51.83565812
27.93827128 50.49906789
10.40390460 46.04679881
7.35305469 50.12366197
45.37499406 59.84990841
5.67485512 22.54309570
13.80483596 12.50271906
46.70446137 23.69702011
21.05725577 49.29607826
46.25697430 7.49938758
6.91301338 6.48161188
16.82431539 42.28195933
23.35746565 25.28539557
11.49949721 45.95704323
37.03249907 54.10348470
9.57215483 4.58902701
41.66169894 31.42061175
31.55743367 12.80406345
13.56381452 35.28287801
12.20591304 59.58769874
57.59774244 36.26567835
34.06947516 49.81718793
17.96579549 13.81503512
3.77944111 26.20840276
56.77599437 40.29984892
49.18682313 19.11112249
18.12676114 53.70178950
13.56015452 53.80768232
59.92753273 8.82416352
7.06301667 42.81726870
24.60700561 41.57873103
2.24034703 47.33665186
29.69891383 18.95932635
59.61170465 14.68255177
25.75462878 18.19106669
5.12139447 8.82534354
0.79705068 32.54226885
21.90348109 2.72129277
11.82645860 31.49531118
18.32392495 0.29215472
45.43346864 46.28103184
27.18012815 16.03627706
30.24976497 53.39049265
0.42460515 33.55146026
4.50954896 40.98101850
1.93447286 1.14041091
30.93599192 1.92782025
36.79134838 4.64102058
16.18050861 23.84411204
21.17636228 47.92689124
13.49455848 47.84110827
6.65463731 40.30690750
11.84854294 27.28508511
18.34749124 2.79182576
6.84938781 16.82249964
32.25862455 49.78228097
1.59699715 15.02390915
50.89267565 7.11172453
28.40051348 32.39428249
32.24381758 21.97009375
20.66522604 44.37239370
39.86882523 43.15386164
26.41396097 32.75350828
2.80521151 43.71835806
2.33607424 25.00571733
48.74617833 35.75834048
59.13141404 12.12112836
27.82386575 44.50513080
11.63063340 47.12655351
58.94223662 51.78577552
40.76130707 4.21908225
31.06805079 44.87992266
46.82613870 13.98026371
15.78265695 8.83517341
58.62744175 2.22948174
25.43825708 58.32800931
21.80119026 42.82790682
48.34359020 6.55394472
31.49766883 22.98959087
38.63124198 36.49546176
10.31282249 59.97771977
7.52309468 53.31395814
54.80980050 44.27672286
7.16094976 25.60295821
45.74869092 11.08371407
36.37261568 39.32174001
35.41381240 10.92962307
8.22992743 56.50241341
7.93373776 49.18126805
49.63613571 48.55634506
20.20402917 32.60538983
16.78234210 53.48853974
3.36622448 24.92882657
54.10207190 9.15000815
10.54061844 11.65441412
34.70070400 43.00630705
44.57097453 36.17318974
37.70756330 6.62007538
49.44587308 6.17751149
43.64732933 38.08047486
15.59943088 16.66772636
35.33242260 56.87442265
12.24214603 53.41511875
1.14188515 37.26685659
19.60767858 55.30819062
57.08646527 28.21484670
29.13447880 17.89951820
21.20892991 14.87565916
58.36527883 34.08239558
58.98642242 41.68252600
12.12128266 58.57724163
53.70129394 32.77052976
7.88471653 44.30321046
0.98130568 49.17263961
15.79141579 26.45610881
56.33517732 13.51930483
25.94731283 5.89079318
44.27405771 21.21045756
27.60634429 26.68016155
2.37530598 53.37724811
58.18780749 16.69995521
37.14542750 32.74147778
1.44124047 33.64454351
57.42489464 56.37324742
13.26167839 46.68214543
31.32034191 42.26813087
42.42624328 10.75086628
9.88366973 35.52946172
14.95750697 37.56895503
58.49733218 54.01700382
55.50063263 45.95416968
22.40093416 11.86355280
40.54608232 53.10348171
38.99321619 3.09248582
39.05478438 54.95904933
52.15062330 59.10908684
16.05424639 48.62138955
21.64232193 30.91404051
59.25618286 59.76110038
9.37938207 47.85957268
54.16261341 10.89802308
10.18710564 10.13628375
41.37788100 15.90749352
42.59437398 8.94054304
30.02106094 13.93239345
23.56610391 58.85547063
4.33216565 23.11949637
43.59744982 50.57987141
28.04701779 8.88733155
7.20594132 51.50365783
44.32101332 28.84536510
21.85401205 9.65179319
51.46768302 37.79001890
48.79664582 49.08364910
25.55672300 25.25863528
21.43486661 34.42989469
24.90356694 14.17217312
31.76756427 19.58864100
54.92342169 15.79799526
59.77052259 23.72408849
58.35467285 50.90104725
24.89460312 19.33635471
0.29473945 25.99292834
37.05933146 11.88469301
56.10878526 16.30726168
33.01291209 27.71705204
20.20491335 51.55405393
57.62193895 4.94992596
48.57807971 38.66664085
2.90054882 37.55046751
46.96994891 6.73705082
47.55229297 8.22407657
53.98857454 38.61210166
55.80754320 47.60977779
22.79126224 15.99677739
10.97798842 36.81811254
24.53875933 17.39497096
31.86431096 9.89679052
33.57605605 10.71815394
37.97486378 27.15174043
29.14020819 40.51011373
12.61841071 21.91079362
5.79848652 0.20975238
54.62756319 22.94256162
35.11297631 59.88206846
3.71859989 51.96623156
43.25127583 2.28668683
1.77007505 19.52687487
21.05784310 16.05511487
58.06842860 11.27183657
22.25048561 35.49526065
37.15778763 43.06835739
19.59377435 44.50997830
18.84536138 6.85034115
32.87750321 7.63954422
45.25785100 39.44070023
52.07744912 13.99711509
55.08283420 55.93181039
24.46058266 24.73678797
46.17347079 22.84010343
10.64578888 33.35378112
4.05264138 43.89381858
50.90607570 25.03991033
45.31606856 15.47548910
0.18479749 56.21978436
35.44560099 25.45192792
15.98350417 44.93791761
36.49855652 41.53015419
36.50307093 0.00693303
38.57342214 17.66673156
19.46164342 17.10892977
16.16373380 12.29261575
28.43811226 54.32920346
46.21279926 35.29058446
23.16711813 36.17953413
9.54520800 11.57658404
17.67871940 25.82874354
40.67514600 32.76199060
47.82913608 56.63106172
14.11739508 19.11990019
44.89073431 24.23954262
25.48495355 22.31293230
33.17512393 39.85660878
40.68060325 51.80346448
12.33365389 2.24767919
33.86421225 52.49168563
58.94421653 27.89379979
58.05137245 28.86155925
14.83354456 25.78316248
7.07645567 12.31484289
9.14153394 52.42675895
43.13929768 6.77528941
18.58845250 8.12236480
4.95965523 1.89725723
16.05437695 35.13478227
50.45109913 8.94579499
29.65521473 11.77454348
43.92817388 4.54388409
2.85305761 0.20780764
49.64959863 44.74702776
27.81004500 46.43528271
56.45980386 54.77416380
15.02444115 12.64003126
52.50737753 17.84426441
10.07062261 27.26456397
35.84943084 22.23210603
45.17872738 44.13513391
46.09513324 21.68626871
24.90628152 4.26124516
1.23118662 4.83125152
8.78833985 7.35139356
33.70845564 19.11585339
37.15577549 3.45171280
5.84983555 39.05215016
38.45776271 46.67808301
55.19359045 9.02559370
10.75027939 49.77705029
48.01629338 20.26469955
16.53937312 7.86657615
22.47406963 22.86377606
0.30294727 12.21679708
50.66478206 42.07913305
53.30391186 56.40240314
48.23922631 46.11541643
24.96386826 40.57406407
52.95692167 36.87052961
57.42692977 48.50937933
18.52142213 25.13767415
23.34432950 41.45738614
35.24916267 37.42153035
26.48203409 14.41258571
47.43355002 12.04158909
20.86787950 17.20383867
26.95205278 52.64253648
22.18377754 44.66854579
2.39472569 55.27518634
58.95717113 32.35898340
14.51060141 10.88887519
40.42358288 50.62982499
25.38546021 33.48010214
7.78422079 15.57258797
29.77819102 24.76018454
13.17301618 49.21760299
29.22040132 16.10166727
59.87479585 3.75010234
41.54725292 17.07108795
42.67475159 4.08634977
35.66989119 43.23390866
59.61649054 18.75396261
31.08839462 59.46303706
30.88341431 33.16470337
1.21066183 29.17494688
53.51498285 27.85194479
12.78692564 28.15220494
41.45985676 12.52907172
39.83098869 31.73832721
1.75254465 13.83215437
35.63618166 44.24637018
33.61730875 47.97303758
7.14773383 58.06374614
26.04371498 55.51408298
56.72023603 15.07934005
32.46304740 8.63786284
8.53072905 37.56718621
20.93413200 11.99350762
14.96406284 17.79375048
4.02004052 27.98205927
22.77624592 57.14236040
49.45463139 26.08916205
11.39589182 20.66499736
37.99770669 2.81363123
16.88068107 19.88702830
56.55005802 22.77945914
12.74640264 45.55003744
32.68161105 51.81234353
18.72522702 44.96186372
53.12500641 20.43883710
28.44657018 47.20629288
11.41569835 53.91367291
58.80695212 46.77205975
3.65970909 46.76760250
21.86696955 51.09430006
5.16808458 21.36128832
54.88606858 14.34741384
0.80997524 1.65064846
2.17568543 40.69503283
59.14124985 50.26652144
35.16766351 8.89128425
35.50108334 58.39505322
32.64205641 50.68794879
12.58470359 35.84172099
1.74178213 26.30559740
55.79964757 23.66729292
45.87785866 58.93367347
8.03072718 59.49812144
35.77517548 26.51864022
39.39768950 34.13051271
40.16516702 29.66942749
14.41399459 35.77638022
56.81537666 19.02401593
34.82075229 20.56430778
2.33896310 33.05054832
40.50294298 40.81609643
35.86086029 1.41288361
8.21457759 2.13324488
23.56826246 3.69763773
53.11019608 46.64730928
50.51765428 2.58290971
35.37375836 41.36819076
30.91191316 55.17830534
41.90707653 9.66893199
34.05971871 4.39211144
48.83809898 41.72642248
45.56143515 53.27814742
41.79306627 36.26348158
39.47107935 15.42129016
29.80844479 5.09204797
39.21893336 59.43501389
12.66218989 36.87840243
52.56439034 39.58292818
29.96414249 56.71189511
29.77705217 32.69803386
27.95318221 58.37864883
14.93628034 48.69813210
30.59990956 49.08153895
57.35770956 47.50370012
3.52330488 59.48421971
36.30460999 48.12944611
48.15481774 55.24603702
5.14307458 11.09636913
27.82193908 43.39544304
59.38230180 35.67524810
26.46449479 36.21726336
42.78581592 39.35297619
29.84951536 41.19787422
26.07349649 34.65929605
55.08285196 21.91396784
36.38746601 8.01697115
52.37545299 8.52592302
21.90325058 37.13669057
33.13886127 14.32134379
31.76415151 54.43678046
4.20767609 15.74804072
42.20994724 50.22046521
45.25706184 29.25272671
58.40371991 37.11019135
47.14992673 29.04868919
50.39065983 59.15698282
45.55915893 36.15815844
4.91733338 56.69828028
40.50298440 1.95501491
37.06144575 33.73358674
10.58552976 6.54078495
35.17148791 9.88615181
34.46289045 11.22836506
49.89668529 46.79521423
5.87000531 19.69470024
33.94050353 23.82211315
21.14773729 51.83043127
33.03649243 25.33479325
14.38802678 6.09509150
43.27282515 44.14106882
14.61257024 24.53979844
39.98259683 37.99525719
58.58314364 42.85470699
4.20053233 21.49173029
43.18077168 36.80111159
27.77139104 13.81641932
38.19170155 41.95373761
41.85036647 3.28633046
23.86152242 14.11988573
2.71861707 32.14644385
34.82342851 16.90740134
37.97227173 50.65754188
0.76236582 59.80711544
55.04413263 56.91936702
6.82205581 30.77877666
59.45887656 10.36515952
44.66865678 45.02836250
36.88993258 20.07752209
4.46303599 42.85690923
36.88105027 15.14002437
13.97533311 26.62112346
43.47442655 19.98627812
0.72965887 5.67875867
27.91481343 17.91758710
29.76083646 6.95392232
17.55434005 1.04821287
0.58138857 47.53993607
2.98025865 15.28366445
20.24952306 57.49513023
29.20767975 26.79478251
17.39798705 11.45618960
30.44876357 17.06600005
0.36202933 42.95240932
34.52213494 33.39566036
29.48008974 3.23539833
54.11183847 26.64170102
37.42082561 29.05997162
29.35213380 10.15980206
24.67808235 29.54616419
40.19924401 39.71301770
26.32290255 29.03873782
41.79957292 43.99984948
31.04745833 29.98023721
43.36371839 21.87692233
22.09806855 41.40916149
38.98964702 30.08338028
8.94132638 16.43623265
40.45895385 57.05421047
7.53537022 46.13575740
11.98158108 0.58977566
2.48665918 48.29799389
28.72577522 44.91714625
14.09730256 4.97819094
36.73671030 16.45015248
27.97310168 7.07731122
35.73675770 30.10814489
33.25532932 22.32083138
27.01781500 16.99545329
51.25577957 13.44505147
21.37457334 23.19362588
17.94230449 55.18564603
6.84990622 20.16882372
35.25864189 52.74952670
5.30443743 3.49463382
5.66616405 24.39505651
4.73042761 36.18085574
27.84421072 5.95180605
22.22966863 46.87837815
49.72412450 39.77247373
49.03787616 10.20187985
2.93641864 39.84264086
26.76363633 38.84803557
16.12838161 9.93250261
29.21273967 34.35159449
29.36414629 55.21914490
32.28261372 53.45512804
7.96099318 35.03410019
17.30201761 41.40654179
48.97084197 24.25376343
26.58300044 20.52796937
0.09536600 34.96365260
53.66440701 21.83803314
27.71410689 35.75789043
46.43246422 3.05686721
27.01585170 45.17932254
12.03758120 55.34003303
36.03880584 54.09668326
2.72796437 51.76508432
11.18814411 58.94238496
52.46189707 4.93710005
7.42022976 23.39516961
0.83009454 11.37693915
3.52316606 48.49682395
15.47615270 14.77590449
18.30925564 33.23259670
16.59388026 43.71753995
17.10387620 9.73595951
10.73665697 40.00043822
33.70365335 54.54010490
6.17586473 38.03923964
17.25047056 37.83844970
4.28837949 29.20446074
4.32282255 50.38743827
48.70722417 7.48310102
10.91909962 2.68825587
44.73491964 50.22210396
42.51311557 38.21181326
26.78767970 48.00589127
45.17564997 48.49647455
14.76325266 54.10708684
39.18437332 38.80576836
39.52845745 48.25602008
22.44439617 48.77733268
54.71061200 28.94468119
48.71922003 39.75352163
45.04884153 37.92418757
2.64840593 5.98082170
59.38265043 36.67423352
54.57452376 32.14149124
59.40484869 33.60737335
57.91613617 24.47186796
43.74767131 3.23643004
46.20137574 30.82136647
56.59604107 57.86417655
5.27564506 28.44274978
34.23626897 39.65460527
9.71220439 22.25113299
55.62744544 48.65607729
53.77087969 25.61128792
31.48382985 36.12854292
26.40325335 1.56301256
36.66771516 23.17738793
0.46295482 53.42143446
39.88637289 35.87453585
32.30671546 56.85123375
15.01125979 46.98550907
42.39980448 22.06684105
31.09881010 8.25180818
35.95612312 27.60620315
30.68755147 15.85208337
17.26425202 33.49708694
47.44597832 35.45084133
36.87421372 25.17035650
32.68360144 47.46602990
23.98424652 23.34111396
51.86774840 45.00678029
49.77903544 29.72793493
43.42923485 46.61926088
11.28190143 42.73084565
57.86074095 55.30953931
42.21976386 15.37912344
46.36290080 58.07053601
17.29501558 51.70082652
47.29834385 19.56147567
57.75271856 9.35707848
40.31009164 16.67382515
17.95680373 58.60324281
50.31460896 40.89769881
29.37261254 51.13884293
33.06766501 35.68674965
40.72486069 10.58298534
0.94345091 27.63230551
51.60586702 21.02028235
12.19489030 25.94463004
28.09656484 20.68665901
26.08063705 7.48042742
58.71974710 9.43280334
21.37832274 45.65324107
28.11648462 48.56774503
3.03023258 13.82344602
56.44858648 49.21959615
42.16357730 34.66600039
48.29614330 17.97263752
37.35039467 44.13079335
13.51018609 41.62622021
32.10883773 58.64452881
5.99807349 16.32209843
30.59648191 6.31035113
42.28557242 56.49785646
35.31916267 32.43910115
28.46522977 22.57303164
9.58705634 8.65801697
53.06609221 53.06139417
58.86810110 20.30825484
36.98879053 27.21031281
25.98047355 39.43908262
45.24068652 5.95454483
16.97639163 16.42418238
53.81926102 42.71011300
6.02879757 15.34704167
10.41431695 55.33798484
2.57952708 45.93228657
36.61641238 57.06712217
54.45316914 35.63112358
34.58622406 48.22091762
55.01866683 53.59034942
1.40514280 8.13997621
30.03045319 22.26787329
10.06129457 28.25669181
19.91135084 46.36503881
56.55951716 5.15820957
45.02105995 23.11904833
22.64422694 14.65557320
20.76059700 42.61289773
18.66922233 41.84554123
53.53354065 57.76594576
21.20350381 58.01559313
52.85749408 44.84977837
43.63647426 10.39114147
6.12142565 2.45165500
33.62951310 57.56214079
48.93654473 27.17613274
43.58851192 39.96702321
38.21173346 14.62940347
58.41066115 48.53807305
47.58698107 44.51755335
29.03200250 36.59798935
51.79983170 57.98671862
3.45828364 7.61153898
2.02167654 20.59960985
13.63404561 59.72156693
42.39975889 24.99404296
22.63062073 24.53718999
10.91251562 35.24733321
55.90051177 31.44994205
3.35242677 42.16056618
9.46247634 39.24017556
22.68393318 0.08056784
29.78035372 1.44907408
57.25772474 10.23205656
59.84126400 48.88233561
3.53382989 41.18886613
59.49818238 2.75639876
42.36955632 0.17889116
12.01115510 52.21192736
1.44310698 2.83980469
30.41073834 10.04175082
32.99221413 45.20943504
23.36967451 7.14821239
10.42697773 25.53486876
3.60913929 2.96309945
34.68612993 54.72523851
15.57162041 22.87717079
28.77208731 42.97863706
17.34274977 17.54066164
9.45394530 13.92995519
17.68627197 50.79341913
50.45727520 26.62738371
52.27512247 49.88787989
53.33587501 15.17982252
24.52174390 48.56704241
53.81864260 1.10087196
24.44771830 59.66037471
8.97968072 3.57494068
10.08533742 41.17865546
39.41359288 28.85243982
51.66626685 45.97661236
10.48030583 54.22639740
48.76975499 12.26710015
19.46088717 12.68597623
37.12091237 35.42015728
4.11324894 13.94988569
27.57833598 8.00431520
19.71092931 59.59681216
36.22171185 30.98357480
3.45107144 31.27078347
2.91709278 12.35209179
15.47872945 36.00829251
47.46922542 39.20106996
46.15929080 41.10323787
7.92329609 3.82422101
4.64314326 32.04994257
17.61323146 35.16126790
43.57885888 17.31508025
13.20881016 24.76875718
55.62958024 4.01039318
32.83001855 38.36213063
47.89312300 37.83163362
48.20073334 53.66838126
11.21761738 38.17310121
12.17190678 16.16950875
7.67033195 10.60610029
43.07930337 15.88960092
45.94493942 20.62381793
49.01609780 0.36858379
51.18462189 20.05794006
27.36938850 15.08152945
42.89180838 26.25969129
42.61231173 55.23249814
13.32823118 17.32171633
40.53201223 30.87205490
4.77724579 39.89627363
50.38824621 21.26241165
50.16903559 50.43470741
3.30407776 34.24976979
26.36722695 4.83934397
6.16195917 5.67543230
50.18251180 28.33329456
32.68854143 30.50691883
10.16584454 47.16366719
43.56965057 32.11000102
7.85207887 6.13969861
36.53268724 19.13858479
58.19032408 39.88094349
38.77705493 12.20211503
36.10670017 49.79543059
23.08578590 32.45734387
13.87926493 37.09280672
54.11882050 51.28327664
41.68523872 27.75985155
19.10310414 52.32893459
22.22633113 13.30374338
43.20093075 45.41352925
9.25583386 29.67073261
59.23686510 39.00927498
24.23456353 49.51640972
7.98981703 5.16691896
14.99644317 1.10081566
13.21979944 6.65120203
19.55223817 25.85635766
38.00611212 0.64369967
25.34150311 52.43106469
37.19838640 36.86298346
47.51888821 18.59551855
13.04736002 56.20063839
24.37956944 52.67639490
41.00037531 22.40226711
49.23920751 2.58527161
45.77434740 51.80488929
38.80188011 4.37412169
39.78743339 18.50258702
6.37781322 53.09791270
11.21542724 8.26601697
34.47589157 58.51993442
51.62383189 4.39385655
