41.91525535 35.91298723
19.33783515 6.33971204
6.25328473 51.70406810
21.55600764 21.29013245
20.32787240 55.34890898
15.44905151 32.78072537
50.69993331 42.94220778
19.75043955 26.01583010
27.66064046 51.94024681
4.93409961 27.04724389
45.53670662 39.97926122
3.75975644 5.36514269
39.30047164 45.63551736
3.98176475 14.25916329
41.85124061 34.20902513
28.82855322 1.00120746
29.81598866 7.21316437
22.91877698 59.12556131
37.64625560 50.55275180
23.25389995 57.59350504
51.15168984 26.56739237
49.64401960 15.32519157
13.41993257 57.94241114
59.13671147 1.03424881
40.91711550 40.30527156
40.50959066 49.32265966
41.68211271 10.51462506
28.55059062 4.76494674
57.67063345 7.35849335
26.69060090 36.84071058
20.74371998 18.36262252
48.62078256 50.64908718
55.83725793 3.91831367
37.51125724 20.97941772
2.36903508 27.30265847
5.13311433 45.26900433
29.95888107 38.76442480
28.34432896 44.63900204
57.11687350 9.54670568
32.55389231 10.08894753
20.88262783 50.33902038
45.87883445 20.89108706
40.84025095 8.75356194
29.54237964 52.46054828
20.05256922 9.51241117
6.87729208 49.67845282
29.26703248 41.68980185
52.56300500 38.22247727
42.99726438 28.18458946
19.52107777 36.46760199
59.50578222 43.21828480
22.21626616 14.64994412
53.99099201 52.06672526
47.13373033 54.23646278
47.54073108 4.58515935
2.43099735 17.64614884
12.34223871 21.89696388
25.25416904 32.78843894
21.40047280 47.68476240
43.01392897 34.18272970
24.69622493 19.52538199
43.76383580 24.97906748
10.12795743 29.26940159
35.98052122 50.97454764
18.05784223 2.67161352
10.82650877 25.25959937
42.80100110 1.15357876
42.50723095 48.16000441
44.13576772 20.04544547
5.47150034 21.96458798
44.08591362 43.19956508
22.32624732 19.87649525
51.72906317 16.32065903
9.04170520 5.16960356
5.00379853 18.48671082
59.19509202 33.05765104
23.01643400 13.31509182
9.04002292 48.00230220
5.71736794 42.50847815
51.33382274 39.70632528
56.76723060 37.74944634
29.08266841 58.62878594
29.83144973 39.80510858
12.48281374 33.62488664
33.39415323 27.36294297
23.63542934 53.57182891
58.75044937 39.13722763
2.67104154 21.86958088
7.79573730 28.93249291
45.25117860 3.28522504
18.26726508 19.51810974
35.82447836 30.93403411
33.91670847 49.93918688
3.80452617 24.38309403
19.45940349 28.92510677
16.79143922 48.04997764
39.39357092 16.96573757
51.31920867 4.26891899
8.55893986 15.22620415
29.15973793 27.53767540
19.65600515 21.95280867
24.62235606 58.60335972
43.59185436 46.87255424
47.59235810 52.10670162
30.84908514 18.84387073
42.70785929 59.45329761
26.54819313 45.60139994
14.54467448 34.18214348
33.41464494 25.50930884
50.15894603 38.79415337
55.03951028 5.68348210
18.49997506 42.75931818
7.01093448 53.39356721
57.60105369 26.84995369
44.74417460 33.55258899
49.38061944 52.29849727
9.61529798 50.67656467
49.21047477 17.86249041
17.51212740 14.56933531
35.27990033 16.08974606
45.41211584 19.46397659
56.83283208 14.48729961
46.24096095 35.03334304
25.59865830 7.65972389
1.79108638 14.34221529
45.24923637 12.44679402
21.69065286 31.35269763
49.04096727 46.56133174
23.66008503 40.69167374
54.44939390 31.31786057
15.04339044 41.65170651
50.32585139 51.54914076
23.48179981 0.71690675
15.00354637 15.48098124
18.96304566 40.49502811
29.11699250 50.62633648
25.18000677 25.30394710
35.51102384 0.54858450
21.60372933 16.45413696
24.73873813 55.55345967
20.10038354 20.17342062
59.47401071 26.09414398
20.54383794 44.56236617
5.34592506 4.08448005
57.25909272 48.18276695
37.01290643 19.33455709
30.73879115 21.38487066
53.35431152 23.77956905
5.19168833 55.10606951
5.94754455 40.06674194
3.54324531 40.64513411
30.66266317 42.59263422
45.85825422 48.81339208
46.46563958 13.59466392
31.94629493 52.65829222
27.53933369 57.89549828
44.49613671 15.22210771
51.59094127 36.02921105
16.35896068 50.62967776
18.52176562 8.08217340
4.04125370 49.20278036
15.62829351 21.34190336
26.91056212 15.13557487
39.99409936 52.43110199
20.86955685 42.66555159
31.97026893 39.07069997
5.40102583 23.78997012
12.87530000 28.97059589
41.61944834 15.48992310
20.40778931 39.43511557
48.42030624 56.01893585
57.37605876 49.71122390
21.78628845 0.42711504
55.43846075 9.41870210
0.30842297 10.25283985
8.82234222 38.28410484
20.42489440 27.25771298
59.71902716 16.69065531
3.61773690 19.50322319
42.66876493 52.78223222
17.33099726 28.34667010
16.52661047 40.82709939
34.19376040 47.55622454
28.84229360 21.16066143
16.63307719 53.78142296
49.15384895 54.35567709
27.24784612 59.83775423
33.49187473 18.16583561
33.94825909 40.14838700
37.40118108 29.80962398
58.91512614 8.48703143
1.80331793 50.39327618
0.70150886 20.99446637
28.93482460 23.32894242
24.45972126 39.30501684
44.72083853 11.23088224
27.50881182 47.29185375
21.53838279 56.67674403
45.55563892 36.82783295
16.95157828 16.39449833
45.65932699 5.17855623
42.00113499 32.55419285
5.99094147 1.59756859
31.88286589 40.20150002
30.88782604 26.82927421
7.88719399 26.51003426
6.84955978 38.61012133
20.58064020 7.62945257
4.28127812 43.56446088
44.04353646 40.73537604
29.93055933 9.98135166
37.25121820 5.91169403
6.58485478 46.46311339
46.86485296 57.06547234
10.49932838 14.18702245
16.86908864 31.89499077
43.38390340 36.85915238
33.33673285 4.48854842
15.45983794 13.26434053
24.75310745 12.83723965
42.44810839 41.50851413
6.64958495 58.68206428
22.45201022 7.02449051
29.92056756 54.16427994
13.61319671 36.08957143
48.64959292 11.77707245
8.68156852 31.86380505
38.63378498 33.99874669
57.18608047 5.63278821
53.93457776 36.39183044
0.93681633 18.96465329
39.76331040 10.49454790
24.96558192 37.46716009
11.89778065 36.95299050
7.17145274 6.91884059
1.92852275 47.51343057
33.64904450 32.27077347
48.88621446 2.96099338
16.83132033 18.30932244
54.01216969 21.65198673
2.43465066 44.24198038
10.33533642 27.32674733
32.13174147 8.51867388
36.02935048 12.94147099
36.44868903 49.31886775
44.32859824 38.53160916
41.35387299 0.10002047
2.16371952 32.82248042
0.99527743 12.38755067
14.24668111 27.53921298
18.11747857 25.31614389
5.88850783 56.66412141
32.51017218 49.47174762
6.96511537 22.93347748
9.38144551 23.93056385
6.55081669 15.13691109
43.39746354 2.75610610
34.24567402 36.56477408
16.14496274 26.77775688
11.67833342 23.27842842
17.94598204 58.90790182
40.65101245 26.13242296
7.35639221 59.52045676
35.84579560 17.86379839
18.39292281 9.90177143
24.94876027 30.45399133
40.43829707 33.28588787
21.71422794 33.32094263
43.81769135 58.08361793
23.21330543 56.48808046
14.97802696 45.67705308
33.00045741 15.99726384
40.16119637 35.28747174
52.95687623 20.35408098
32.53018298 6.49718871
13.54771512 42.48664725
23.18922500 38.18371772
11.70253890 18.22126027
49.04175843 40.43247957
29.12401608 12.08179494
8.27309103 45.56074947
31.09462560 50.87443379
25.97055186 57.20404445
15.38835798 19.25557747
57.43885372 18.84089428
1.19150557 26.05341359
8.06493339 51.88154933
16.88706579 57.51650303
0.97186929 0.92616235
56.96808310 20.47693128
51.91814048 34.54206266
15.08540525 57.95969756
17.53233134 21.29426686
33.71411171 9.67558348
28.07206144 35.87808745
21.21376039 53.59802407
51.40610042 52.82941013
36.44522747 35.73027120
34.83313744 23.49316773
34.52054411 43.87795212
36.56846039 8.56295125
28.24034217 2.83647296
24.23239838 47.71868736
24.09037152 22.71569064
2.58616099 3.01399163
49.11989302 48.25443977
14.08566786 26.53124231
39.30390700 4.02314570
21.72007642 39.20162255
53.41925437 9.84216454
13.95766705 38.18241347
6.88642083 55.28202606
21.76030379 40.95290746
51.60970826 8.39061028
46.05307468 23.88795956
45.59060522 29.26831228
19.83548070 33.74710961
16.78837407 10.93969625
56.51662148 46.42272372
41.63058394 58.10520389
20.36823362 1.79862913
54.78675325 7.59611780
22.67844742 17.99338680
36.11848008 24.73654070
24.50615464 45.58641503
44.12277379 26.91731801
20.52547722 57.46839559
36.53826927 1.75371384
46.72449535 1.55324828
29.80520939 13.68701270
3.27014886 8.91949293
15.48819608 17.57767624
45.26829827 47.19853407
8.02758345 3.28291958
17.47761386 33.82143258
52.93728928 7.00816495
23.39485748 42.65272336
18.70642371 30.70795174
40.42998053 25.20597953
43.77062977 29.91541862
58.05092939 44.49133247
11.50777980 11.30905450
43.32691868 10.30490792
42.02575123 24.07424809
12.33550056 45.02913941
8.74370387 22.12516271
16.53624486 42.53473977
25.62875396 5.71836453
58.15971906 24.62307376
15.13369855 3.42880513
19.75775630 58.94652454
12.96022169 8.67888890
16.64900244 4.65653596
43.99346871 7.93740645
26.12664080 31.11833991
18.87480293 0.45317021
53.31774097 11.87459240
44.79965575 50.15530441
50.92710364 45.04595554
40.64197939 42.23124702
36.34156411 26.71552354
54.27116296 3.19960179
53.09997147 1.96900145
29.26655064 5.39622398
38.79218495 31.17045789
56.02500094 23.58318354
52.01869582 21.94246371
10.05554394 45.49115911
44.40489135 35.24421183
38.24041193 35.85773993
39.37377803 21.36562827
1.79153068 20.43441405
58.34972869 10.19847323
56.97376439 34.73917666
3.47194302 36.20337987
32.13353849 13.66805561
39.68512944 7.26805481
14.80892673 31.49997779
44.17483478 48.51155507
30.07278841 3.61744151
25.39970400 0.37494666
33.47275376 30.06173058
34.55624364 34.93748538
26.67357709 34.00085871
2.29188932 9.02719123
41.93651917 29.67242438
34.30294583 21.26165881
11.69975221 38.89755216
57.11907909 56.53583004
31.87872515 22.83240111
46.58548903 32.64586363
21.15767175 29.95837136
2.90346898 12.71406731
17.45175725 55.48614203
21.58157480 58.57620219
42.63486817 39.53902264
59.12835333 19.76296238
16.19311625 29.98294822
25.90572764 53.90645325
9.42239781 36.32538998
55.28991190 16.48334756
31.60261579 19.42257321
33.03651395 8.14700478
6.39411421 20.63119426
16.31209237 35.02194599
50.90809493 55.93957317
57.95584542 42.08717382
18.75834873 57.30783809
53.18977865 5.06764623
14.63570803 1.42136967
2.67770517 0.01685627
34.92160993 7.76429325
35.16983655 29.10951822
35.45416584 9.81734253
22.56388448 9.27031285
2.73044154 42.23815988
39.04425015 52.60251385
11.69494007 50.33720448
28.05827224 53.84932933
26.76033155 1.76239402
16.44342097 6.59906030
17.47574409 1.40338562
16.45728921 19.22592071
14.07619242 54.43928552
19.92611245 12.10789270
46.60015761 17.90642893
14.03927449 50.43303929
49.91929479 9.25242093
31.61324638 56.80035990
46.71251701 50.46733021
7.18890978 47.75965739
13.38673604 14.18448692
12.91130674 56.00992504
34.67595462 42.19748268
2.10050931 24.22822946
41.87280165 37.66125636
21.40619910 37.07753900
10.93041813 30.91778086
9.10339670 30.56756928
19.85140503 14.03426940
57.47945929 31.71373595
26.68941957 19.39641016
49.12515369 32.00006916
23.95646403 35.86301522
20.79609231 40.91168724
44.79122883 57.01885202
29.73153343 28.82971866
0.15484293 5.86174185
37.58228144 32.39171865
40.64055002 31.57782104
57.82957913 22.41012012
53.57001480 34.96375993
5.35402176 47.72775606
37.95233415 36.88785759
30.88750787 7.13235111
49.48011825 50.13209775
7.29699688 20.35965725
53.91535849 7.13574192
0.68815894 36.70225358
41.58142228 31.67184261
24.11797339 48.69735264
29.94596825 55.11029740
22.32454124 56.12082730
31.08405826 20.46172940
2.58060175 31.95517420
4.88318035 14.58721384
26.17737589 14.46856467
44.38813533 41.64020194
6.62647636 57.29050575
38.06978931 30.51202952
7.03792289 16.48476172
19.98629281 38.56821867
15.70662345 2.66995406
50.32530459 52.49337670
51.10659868 22.25312021
9.70316984 14.79226167
40.56190540 39.42010216
36.62275157 32.28746989
31.96706495 57.72148214
26.98212765 44.70829934
46.85888037 51.44076783
51.07222452 7.56164926
10.58438081 50.48931402
6.99892138 37.65393187
12.47695763 58.09996714
9.48009881 49.70562897
34.28609681 24.31293259
40.52451701 7.81511858
7.82881111 22.47302625
7.19906331 51.45061353
23.70323368 1.64063186
9.14215267 4.18948309
45.56645051 37.77477105
42.70797019 50.20883312
34.50482231 19.93451330
10.80161663 18.64451167
4.16486351 0.54211174
5.23029054 26.14208193
53.11523526 48.70967724
48.13167008 5.33148514
18.42537354 1.33548459
17.71874656 47.78883945
27.67303600 36.76122559
19.51726636 26.97039545
32.62031314 29.62175709
44.05823037 49.50423070
10.20364956 30.24079802
5.97325702 58.03277674
23.69938848 32.16073523
58.88119658 49.22759720
20.97811704 38.64215547
54.84751208 3.98717772
53.79317430 24.62436652
5.19013359 54.15069987
16.36962127 13.58406603
20.60598861 58.41783433
15.91005718 47.64407310
14.07612552 15.67989766
45.99891463 47.85567975
56.25923262 9.96474348
45.62103693 18.03098975
14.60590517 55.29238004
21.93517165 46.85252539
1.41731256 32.21332015
29.47046271 51.51290229
36.22239439 18.77640779
42.59509059 58.40599846
59.15172974 27.00858509
25.93122218 2.23360838
47.04078214 56.10528568
17.90318237 0.49160751
12.57117294 45.98868083
16.75327747 0.74928178
32.55786109 22.11366168
15.54280973 40.82718317
24.00137746 23.70081027
1.54937274 9.64823466
2.74632524 16.73066749
22.03213887 30.40750092
44.54881552 13.09350351
21.62741996 32.33606881
28.12595339 58.70304933
0.22058220 0.34929572
39.87992257 41.60946848
40.92983489 35.89441269
20.81577951 0.46796550
4.10807259 13.31013312
29.61415523 8.56587650
36.80187856 48.43591077
52.40828912 1.33292346
2.73189686 19.92975498
57.36423379 4.68717358
41.77200895 40.78922022
49.64847890 11.86324700
34.70189477 9.17744002
24.21168181 57.70396846
36.11551516 51.92094222
45.54363199 32.97811365
31.58069914 6.48991633
46.75449903 48.50110947
50.31966164 43.84298119
6.92899546 1.48881301
49.54995084 47.40937272
46.09553658 39.19959915
1.30486726 15.17598263
27.22566325 54.35056196
9.40144161 27.16773206
43.30067844 19.57900640
39.86319180 8.53397522
46.21015556 3.34757386
12.57282813 7.51216183
27.27344095 2.66861227
19.69517507 56.98916014
51.26788755 31.75478416
42.57478969 10.90500344
38.23023529 59.96204847
42.75930172 40.56214555
18.15510300 41.01386671
37.14095739 33.25292275
48.22839657 32.30833156
16.64152747 14.97631163
52.20005762 15.45772404
20.92685971 28.08100075
39.73004787 42.58520829
45.75400361 50.74027350
44.29375578 10.37433110
4.19309502 8.72219274
35.05046875 47.98978055
31.81050490 27.13638805
40.25412030 16.48302742
42.96714281 32.65733194
9.74171455 31.29382153
38.20483512 51.33132080
33.43454635 19.14601977
0.10084398 2.60273335
26.00254961 1.13384290
4.97460487 44.30140329
7.10340455 54.33955345
46.85298780 34.29117438
0.31809121 9.27287542
24.61343795 36.56516925
24.73436978 38.39460668
10.42568337 44.60615894
45.27966498 34.89727357
42.64235018 2.12502048
41.54117510 11.46407714
38.52271229 53.37581100
22.51220237 58.24125652
52.80164138 21.33017808
23.08204851 35.52443523
0.91701589 20.03996369
20.82312385 21.92913128
44.95409291 8.13020783
48.62678019 49.70740892
54.76670026 6.61214034
19.00856193 29.78682377
46.19003848 12.65201477
41.83744792 56.47272624
54.60032384 20.88560118
28.35481476 50.04393982
38.82482822 7.73216224
34.90169329 44.74029429
49.07310701 12.67226533
57.80487122 21.00639487
15.01615174 50.62613179
54.22315749 5.04903647
12.11357448 55.46653053
29.81527079 2.19867133
18.78795890 31.66814499
18.46855309 39.67441035
44.50372373 46.56943896
30.57006178 51.70633387
45.06826183 27.06510296
57.78084092 6.41629575
7.84987824 0.33125068
52.20551381 19.61220837
48.67018673 51.63320091
20.12923232 22.81522353
8.70001434 24.61978187
42.46808887 4.56227377
6.82374205 28.81679116
20.92600369 46.81275114
28.71966287 35.16389081
21.96850182 29.38719517
3.70700326 51.72619433
7.33772994 45.83670939
45.87641559 34.11478470
55.17050813 8.49348301
19.66038262 31.01202238
6.45955614 21.92845329
48.36815598 24.04353981
35.86971643 7.89211891
58.87265351 25.31955292
17.26678349 40.21826630
30.87469147 3.09016714
32.35942001 41.05052388
49.92211193 31.48727555
1.42363919 27.01264491
22.64487093 38.97522730
43.43013267 47.83227132
57.55447439 41.17605290
49.43867106 49.15790270
57.58044798 17.90162426
34.09505501 42.99556591
25.41605308 18.89673984
48.11227327 34.70083605
7.64784672 39.13034431
56.26843928 15.25490448
59.06568488 24.25022515
41.42633231 36.77538823
40.91730297 58.82606893
47.23231193 13.00981902
19.65121013 59.89554497
49.11185266 55.31871852
13.01226105 35.33841772
25.78636552 19.81921405
4.23419652 55.05859699
2.51501120 43.20076710
48.57144185 47.42302814
10.78183283 26.24325200
18.75594326 28.23552666
20.07671232 29.97214632
14.62010911 4.24810710
58.40679975 19.08284678
0.00947201 19.28890482
21.49308115 7.26007026
41.19990806 9.66688229
5.12565233 39.55759412
50.31696022 50.60731619
8.00913918 21.50269514
36.77859075 20.31461686
1.93189451 22.47246429
12.34379607 32.65730055
5.85149981 2.55145747
4.74484457 48.49956789
47.32384529 19.05034914
25.53721385 12.26828670
2.60165784 49.88457252
54.68274866 32.24514085
15.92092726 57.44847877
6.07695505 15.99171581
51.55511896 42.54326830
12.41399014 23.92379720
41.55613021 41.84688687
2.62755754 3.96274882
42.05541322 49.00074137
20.73788430 33.39383021
16.56297387 21.15190230
17.71087975 17.97464345
19.65905444 44.17004411
40.49645735 27.06949638
22.54323450 1.04346600
37.38358340 49.60346779
22.53569343 32.82243497
44.92574747 16.11075157
33.64452978 34.59489765
30.12620997 27.42599973
14.67442667 21.19209147
18.21657538 29.08192263
6.05618998 38.07304744
13.11514425 15.14001903
43.67135685 33.47018036
30.10505711 50.74258614
6.01076323 22.80070057
38.37480986 49.92128045
43.55142164 3.71732985
16.88369324 33.00876140
4.43719436 40.30265755
47.42108534 33.15017785
17.26378763 7.12361522
57.92293185 34.90177681
30.21092118 5.16549819
38.15538292 29.20331109
29.47156351 49.73656356
17.60306470 4.66767931
50.18030118 26.71139582
0.38534677 42.82259091
58.24624243 1.44444758
34.88304055 52.23025982
15.29341867 14.53864728
17.05550344 19.97200924
38.40353609 45.22978783
19.40253708 55.58289987
29.35444417 6.33230756
52.93223137 39.64739686
57.93616362 8.29958097
25.28633253 54.74966316
38.15187871 21.83010209
33.31613069 23.03330879
1.61831471 43.74411856
23.76145807 55.67558281
0.80172605 14.31227372
56.80183363 6.51707171
32.32326215 15.29351319
52.25341592 4.73097962
16.75834155 47.08881871
10.07808799 24.59857526
47.79042497 56.75044204
35.63906014 8.85135934
5.76244433 27.52033024
47.48838316 57.78625982
12.51802989 9.56738353
19.89618980 45.28233723
46.37780528 40.43702389
17.12998090 26.76426590
38.83758654 47.37587770
12.38505490 38.20316116
18.71572311 58.28655672
6.13212927 52.96835290
27.89107316 32.44275941
20.84454691 49.22610725
20.76933604 15.97144401
7.82498782 52.84190009
2.13556166 54.38261254
56.49078960 3.23637723
15.92558800 58.43920770
57.70266595 19.79398950
51.11201543 56.91578352
40.33824888 21.39791417
0.61454709 18.05311629
25.41277929 39.21941098
1.31641253 57.16045577
24.77064862 35.31789824
6.36527662 23.72082565
21.46725651 57.62742905
41.12390146 50.08633748
40.17628705 9.61861186
16.82411829 17.36839220
26.27081002 59.91322549
20.73156488 54.46527854
21.90853574 54.25316423
46.60896364 49.49122603
5.98866070 55.67740278
7.20254214 24.46225873
42.14865906 27.71300866
16.99403309 58.90129488
42.56164046 31.75062250
8.07643159 48.13530235
27.62122973 33.76095517
5.71273104 40.98419339
6.29074086 47.39453603
35.29371948 17.06531316
34.59737258 32.46120275
5.99568566 39.09232272
53.44668714 31.09566200
21.50698187 8.27772408
52.24341739 33.61143829
24.93592169 20.48108985
32.24344516 23.71996820
17.94343430 20.41974099
43.89201540 25.97030646
53.96398264 8.13407561
12.90994060 13.22859607
47.80974402 51.16867510
9.95718175 25.70196780
14.75749506 19.94601350
36.82183498 17.98029364
34.96098840 46.95015829
58.83131062 42.50855152
32.35661001 20.01971831
54.16556793 30.40488435
52.78223460 12.68232888
58.39511343 45.40685778
53.93169877 23.01822917
37.11146070 21.85378667
42.39835353 33.45272969
20.97121179 59.32709811
42.22368106 38.63823566
22.44645614 57.09007912
22.72799438 40.91600649
1.17627538 24.44892995
54.35270330 9.50062057
43.82385507 57.14761663
27.53230380 45.52945751
51.16348393 27.54658916
38.61504602 32.12717415
8.92629655 23.07965560
35.04867140 50.74516922
18.13842371 22.05452532
39.71332548 26.45683857
50.46813463 3.80029402
57.10899779 35.71005222
33.74653799 3.59119320
13.87900354 31.18342450
5.53488528 21.02148921
38.49837800 20.91943522
42.82369172 30.10402054
58.33913827 0.46132150
6.09815240 54.70405953
28.59988878 22.07997008
5.92795069 44.71646906
49.11150732 9.77354931
47.61870696 1.14208798
42.29439675 0.30291064
26.24015221 37.71824634
4.35178968 45.80686184
33.85505691 30.96078936
12.19619318 56.65382101
14.27289183 25.60131979
41.82481870 53.26832047
27.17087307 53.37226359
11.05274450 45.45595790
6.08275367 48.36678602
44.77858397 58.01070985
4.03251347 18.61794415
6.21114744 19.67948015
44.67488217 25.34097663
17.16447141 51.17010380
46.52616513 5.65175717
3.06771146 0.91789408
17.00583467 41.67530348
28.22393322 27.35228455
9.94387376 48.25514291
35.06971931 54.24007051
9.24778687 10.37500441
41.47413644 30.49894618
34.54366563 10.15899250
14.18728724 35.10822839
14.80001528 0.48304788
56.48913146 31.84728190
30.11487600 53.22895303
18.15306212 10.82403614
4.76937341 24.53033370
45.01175117 40.78547316
51.14712677 13.32595900
21.21523242 55.75518451
18.14524565 56.57190882
59.76762846 13.33792812
8.63117214 39.25798509
23.57368173 39.63659882
2.62341493 45.17026486
35.15827515 13.39073931
1.05891693 13.34783990
22.44429431 18.92970472
3.71293652 12.19222801
2.60765016 28.26935869
22.74137403 0.08011736
13.58894779 28.26311507
14.74577862 2.37775134
45.08428654 48.16727683
23.98785466 20.16867669
28.02009414 52.86934562
1.32596942 33.29579602
7.46191470 46.83708257
5.00711476 58.69727159
28.35137711 3.81370094
36.68902768 5.13394385
17.23027210 25.69866941
26.82719426 46.55494415
5.38833414 51.33154765
12.61224125 39.22192520
12.00006744 25.37957317
21.25099844 1.35551209
7.89619623 18.78840202
32.05360629 48.63373027
1.72884892 18.36032061
50.87523384 9.52849018
32.65513645 30.61968071
29.80757243 22.00451664
19.46963547 42.73596674
40.77964965 41.25378861
27.52403163 35.07699319
1.81789084 41.95109740
2.91476250 24.79324550
49.51092822 32.89436338
56.29122569 13.69075593
34.35065505 37.52743690
6.64314129 50.60965344
4.48116435 47.33884772
44.61162444 4.00398423
33.62669070 44.21990539
47.10148509 14.30932422
14.26005228 14.64019077
59.06761589 2.00002818
27.15536374 58.86068445
20.27187750 41.71395941
49.63687119 2.36564587
37.70451024 20.01579393
32.74940591 39.79998271
13.19069886 56.98727975
7.80174447 55.50007109
51.88693589 40.47366756
7.79553638 23.45363466
43.74273474 11.18511739
34.77936545 41.22708402
33.39424838 10.54179166
9.97528724 54.79957598
7.06279656 48.71829177
48.16851393 48.38168491
15.42916051 29.38693896
17.21512877 50.17166892
2.60156080 20.92152173
54.16727980 10.93006120
10.24940370 15.84902844
40.50546211 43.20364178
43.45595524 35.03488600
40.72762301 10.68501439
52.05023991 7.43450934
42.90187337 35.99085751
16.03782222 16.79761670
32.28139929 53.55547784
16.35503447 54.72784742
2.78949777 41.26265840
25.26304419 56.39526003
57.11696624 23.86979722
26.58756431 30.24208310
21.91431073 15.55568997
1.65746781 27.98395600
59.60765031 41.87450154
13.84847505 56.10388068
56.15990888 35.27155202
9.18201560 45.95653286
59.52695468 45.25525486
22.40328198 20.82525259
52.42315920 11.44656086
27.60801436 10.94941573
44.41836917 24.27472405
21.35658609 27.01994502
0.87276974 50.25057831
57.33296998 13.64245292
39.52468053 34.52903469
2.41157459 33.75126926
56.22984877 0.46372100
11.38970407 49.40740965
30.98019426 39.84038342
44.35248520 12.10274948
9.13941523 33.55074066
19.04545088 41.45971065
58.26335938 50.13509377
58.49546576 43.43252007
17.42049668 11.69109171
36.69031891 50.28416739
37.59711419 6.81285119
44.31215921 50.98211703
54.05343977 2.24276142
15.95771014 45.72292480
19.93675902 28.08716902
58.62049482 7.55994077
6.93640758 52.40885183
52.81027990 8.05071402
11.05250407 15.00128982
41.59441805 14.24761854
45.66329936 6.16022505
33.77122090 8.73476141
23.67283221 59.74613301
8.67769292 25.97272952
44.61030704 54.62563176
30.39763033 7.95002149
4.91316005 49.62976578
43.13767620 29.15395197
19.62437846 7.89049341
52.14433418 37.35235999
47.72528752 50.19274476
27.10310654 31.09643129
22.66826456 31.22024812
22.88882168 15.36789190
32.34786992 18.63432178
57.78971493 14.58193391
3.62504551 21.70347375
48.44921205 52.58560839
23.25076563 19.49608061
0.32628554 25.59630997
35.89092647 10.67049099
45.89594691 21.82948038
34.96276981 31.32250178
21.11652019 52.64463983
59.31542802 10.40743254
49.88249555 37.87299605
10.24214523 36.88824538
45.61542986 11.57952215
49.22707989 3.84611678
53.51611028 38.19227623
56.99787479 47.26499851
20.85694497 12.37169135
12.89652490 36.81839117
23.60819915 17.84688059
34.80389081 15.25255110
36.33933701 6.23083928
36.53389723 25.72064275
25.62166960 45.30745058
9.68988743 22.37246049
8.29170633 59.28962505
58.18067751 23.61341130
32.75026660 3.69394961
3.29453569 48.61950480
43.50118851 58.95869612
1.74736892 19.48743787
22.14715156 13.68844321
53.19193519 10.82144600
20.55370518 36.57898659
41.42630001 42.82209391
22.14071284 40.07279425
27.61604672 4.48854531
33.19894200 7.17748123
43.86776644 37.69298715
50.76334586 16.38381377
51.76301255 0.05242218
22.32313677 21.89072714
46.23544737 20.01540702
11.05653794 31.87467998
3.52851688 42.81694911
56.61064418 21.36602855
45.51330452 13.37281182
5.02426741 57.06841075
33.00421553 28.25149407
15.55530924 42.50879703
35.63443185 42.23604679
40.31682301 58.03735049
39.00350171 20.06986854
21.04726084 17.40070661
14.52986923 17.50500795
25.28571181 57.88772121
46.01699087 35.98508005
21.15985588 40.02997239
8.73485880 14.29939901
18.80342922 26.27781529
41.02037341 32.47004153
41.85601021 59.06723721
12.46852024 20.94450146
42.88679934 25.34552798
26.17800175 33.13682396
32.85022381 38.66681135
40.29496545 51.48879098
8.58831189 2.48081856
33.75697202 50.92227618
56.86927439 30.93345130
57.06795746 24.88088683
19.09051766 25.33494623
8.87160162 16.13067444
7.84647641 49.56858489
44.81764494 5.63704046
19.02432848 2.50178618
5.05998650 1.81991610
15.56284877 30.88224648
52.76267301 6.02215053
31.88422996 9.43151723
46.55303474 4.66394195
2.64363240 2.06623064
42.95805043 42.33670622
30.02324998 41.08962058
58.25163170 56.34457940
16.15108168 7.52129376
52.04327111 20.70405063
13.36968678 27.18626455
34.34026899 28.59321393
48.34543610 45.92332412
51.00408913 21.20280709
22.69886542 8.31541184
1.72191536 3.50555647
4.40318265 6.07976740
26.36890095 18.46828376
38.21912167 6.03273171
7.86564005 38.15360572
40.93774700 52.52665737
56.78094015 7.74865303
17.30787559 54.49826117
48.29990260 18.09622301
19.37508326 10.20538528
20.45060874 19.27762761
0.59644478 11.52087834
49.66092931 44.62675475
48.13433574 55.07571749
55.05276868 44.49398499
19.93629409 40.53880514
53.23196465 37.06040913
57.90224020 48.87636023
19.16528717 19.92342450
19.48152825 39.67445495
37.33170534 36.15256472
23.96100776 13.67414190
51.17521599 15.47931772
18.99306206 18.89371890
26.32725216 56.32204503
23.71038274 43.58364659
6.42557895 59.59521368
3.29056607 27.55390840
12.43324188 14.39475393
36.93510986 51.22155862
22.27004149 36.63449838
11.03664393 12.16863644
31.12402276 25.90448836
16.51986364 55.81078097
31.99703213 12.69527141
58.99143253 9.45704881
40.10447816 24.30031658
45.39658157 2.32804389
43.52792887 44.01434512
52.62174287 16.65169165
28.69420088 1.95899775
30.82535883 37.50700977
11.99728231 28.51385090
46.38742917 29.77513289
15.17806226 27.37661093
38.85651583 10.77001458
39.69389464 31.45036632
1.98350898 12.38351137
35.08020356 43.09472038
33.83204729 48.46287571
7.58476468 58.58268267
23.64487993 58.49799707
3.28375400 6.20438089
29.48016348 4.43410340
10.81701761 38.57302431
23.53124006 9.36843235
14.95492535 18.40370764
2.13844077 26.35196203
20.24174555 53.56283247
44.97499253 28.51153449
9.15118079 21.25639624
36.84395856 7.64912149
17.42350947 19.04619936
0.49330602 21.92320937
14.52161085 42.48322217
31.56409895 51.74774162
21.32816186 45.07746860
55.78983996 24.52941222
31.50486042 43.02238059
14.28583531 51.40299296
0.42681323 44.24783596
5.29171725 43.36932085
21.69183701 49.76848015
4.21357078 20.28138697
58.41379804 26.30733946
0.07608220 1.32588382
58.54132400 41.28559511
56.63475384 55.69227610
33.96332085 7.77981355
30.89824942 57.49213193
35.75491358 50.02359120
14.62820517 30.53686410
1.77466737 25.26116201
0.34733031 26.57480080
46.12070694 57.67983188
14.17877186 3.28630686
33.94789954 26.37623975
40.86559644 34.16411076
42.21936283 28.76941184
18.86467591 33.83561975
59.95050830 20.34179997
35.11200875 18.46105802
4.68488355 27.97663774
41.70794145 39.76287214
40.40552728 0.09531591
15.71422238 4.89077494
23.40625715 7.12133879
52.37606362 52.82389865
51.80798619 3.39918281
42.08745060 43.98199626
26.96520389 57.11364212
42.43163467 9.92541511
32.75211261 5.56480701
46.96889801 35.67451540
39.33584451 51.70973063
42.39744829 36.82078228
36.12741121 15.63078628
28.87379422 7.20430148
35.44592051 59.54148622
14.08518815 41.60124006
52.04964148 39.04104312
29.63993220 0.50133654
29.71466867 37.84107935
27.92611091 0.64652773
17.20339442 48.92569845
28.63319598 52.08969604
59.17451653 44.13232254
5.87661287 0.65010389
34.01436612 46.59217420
49.24991537 53.37096733
7.71766446 15.72076762
21.24693634 41.76119507
53.71573638 32.04872005
24.01911310 37.70442559
42.84789601 37.68652738
24.50831844 40.26615271
22.35036969 37.67805579
53.18914767 19.41954067
37.47971862 8.80372452
55.62244045 7.11252781
14.22750158 36.83235133
29.82479523 21.02195268
29.51103508 57.77348127
2.86160386 18.52228609
43.25041057 48.78837727
44.42715556 32.63813121
2.63167950 40.28630547
44.63145638 29.45210807
53.32818052 2.90250515
45.03606900 35.98681772
5.09731095 56.06920518
44.33896000 2.95260280
39.49828294 33.53172222
14.50388272 13.29984748
31.39512361 7.93750143
36.37638503 9.50998375
50.07571484 45.53682163
0.64441846 16.36809862
37.05668565 24.46933031
22.67123030 53.34794248
35.33999392 28.14763988
17.27677304 6.10107487
42.68316523 47.19563869
16.66293118 29.08798217
34.67422236 39.49479149
57.00267347 42.12999465
3.39766460 17.57134316
42.42761112 34.96247100
27.12175998 14.16892636
39.95560897 40.29815676
43.56194075 1.78359115
20.47627570 8.63652808
3.12732908 32.91766356
32.98710794 13.17237725
38.09077586 52.39398276
59.26303675 0.08308842
53.65480395 53.00172085
7.42615791 27.36684196
55.00904863 10.26572213
45.43110166 46.23456894
39.89709878 20.51241160
6.41330255 41.85626115
39.67508150 11.46424228
16.64852517 27.63064006
43.33520689 20.59096794
2.89837669 9.80403022
23.13032175 14.29267249
32.29719149 7.55271780
18.80097861 59.38006924
4.01896119 44.49918866
2.08914075 13.40834912
23.26942530 54.48907876
35.30246631 30.09498312
15.91002257 15.81881577
28.03648610 22.91065679
49.82301996 41.03188070
38.14260897 33.16990550
27.72469109 1.79085563
53.09660728 26.50902833
37.88113666 31.48127560
25.40558287 8.61169237
22.45323778 33.96029351
38.89069629 36.56555717
34.34018345 29.62201489
41.73755088 47.59623788
33.83157501 33.20683462
41.11739049 24.51657095
13.49070700 33.77642956
40.05766142 32.37918034
15.92129366 18.45217781
41.05546639 57.32631887
5.99355896 45.71526710
13.20578419 58.88319953
1.59246834 46.43944331
31.32900983 40.98795796
15.97083432 3.93267641
34.36875269 16.44836367
30.32752280 6.38451761
36.71060839 31.28990504
35.17475621 20.82153998
23.76579092 12.73409980
50.01401512 10.22830857
21.71382292 18.27208932
19.68648818 57.97481551
4.63513406 19.38313254
31.83948049 50.23036859
3.80858901 4.42523193
4.42934052 23.62210087
11.62439127 36.01513381
19.55209139 1.17302740
22.73285623 43.40816146
51.05594822 36.82848131
45.38646232 10.54074257
5.07384890 41.76220970
27.23810436 37.64999635
15.77682613 12.35214142
28.83380404 36.45315526
26.54669168 58.00410293
31.18772262 53.30378285
14.54484724 32.41343150
17.54161389 42.56981580
44.57366647 30.44979490
18.60112014 21.18596388
57.44318083 33.89773298
56.25615617 16.36120002
27.09588837 35.96842417
47.24845502 3.66783536
29.10314769 40.71705771
15.04021922 54.27126142
32.99096610 50.29666011
2.09683961 51.30588247
14.25990082 57.46047188
53.73961144 5.89724969
5.03746389 22.82876373
58.02458325 9.29002133
8.46668074 47.21647116
17.45491106 15.56019817
19.64293018 35.49118822
16.85082693 43.43079667
18.24543547 13.94495007
11.53180296 39.84947413
28.51140685 57.81942260
9.53904128 32.34521766
16.17230222 35.98976407
8.40550470 27.45319295
5.63473142 46.67291914
50.63824099 8.58442203
16.41231875 5.60936687
43.40288700 41.44877460
41.04291064 38.13091990
28.37341757 42.01913383
44.94532763 49.12817692
20.58776342 56.51736604
38.45910381 37.68325044
43.37079401 45.94996879
31.33763653 49.37372723
56.65858639 26.59871676
45.10152820 39.09589193
43.91222750 36.05366139
1.70726605 2.51836326
59.57786814 39.67055795
58.33340953 32.53153855
4.40609613 30.80278236
2.98710321 23.82538013
43.26225156 0.26747196
51.23774165 33.84507924
51.83807669 56.24872542
6.93403887 26.47711716
33.84629612 41.73372327
11.61251509 19.21754698
55.54967673 46.44275034
59.60258971 21.35774751
31.02255893 38.81465155
26.93790469 0.78210465
36.07087908 29.44540481
3.82993496 50.13534783
39.21286190 35.59464469
26.32667306 54.81108761
13.31478000 45.21520148
50.12005099 17.60118789
32.86871865 9.14452241
36.57417348 30.30795226
28.10344767 20.53074841
17.62837423 31.24313160
44.14462171 34.32174265
32.97675316 26.46282373
26.75166960 52.27903527
21.38693576 20.24840628
49.77211460 42.74083644
50.42257163 39.98339173
44.34526188 47.53569793
9.22123088 44.97488927
58.40534768 53.46667465
36.28368448 17.00353944
46.37308151 54.84386228
16.15551544 51.57267898
46.16237600 18.84208326
51.55519159 53.76833111
43.67584809 15.77750151
17.81116980 57.83717935
49.40478033 39.39011299
29.12758045 53.34280668
35.48332506 35.91992108
45.57754132 4.21281813
4.02027816 26.76482184
56.77510849 22.92851204
15.94858559 20.02811315
31.57661583 21.89734024
29.04930984 9.57781970
55.43412697 4.80511023
17.10416231 35.61218524
29.70838800 42.54134522
7.46811221 14.77203882
0.99742397 47.83177916
41.43859484 35.06479897
47.50951312 17.24918883
41.10344860 48.58684493
16.03192248 41.68077464
31.09703727 59.01700231
3.42433564 15.02667925
29.15707808 3.23843190
45.95511780 56.69629467
33.01683201 31.59268390
29.17404177 20.24735147
18.99229198 9.13377141
51.19573524 51.89989670
3.11367650 22.73196045
37.06654903 28.90191334
25.72928732 36.88393919
54.62876332 52.84105233
19.98779685 17.75502457
51.10687607 38.75421109
4.89738756 17.52706347
12.79772272 51.81594506
3.31600987 43.80777838
38.81348891 3.17889561
56.19899672 34.15485483
33.24540474 47.41935448
56.45812651 57.23827757
2.13408509 10.58012788
30.73046890 22.38911269
11.27076331 27.28038281
22.22596286 41.80297833
56.37669209 5.10522640
42.99485731 24.34344538
22.05497742 17.27681499
16.07581974 39.96433928
20.70163301 43.61422330
50.09095829 54.07653185
17.16041515 56.56594986
51.29143521 43.77718774
43.60766512 9.37577649
6.24331100 3.65237251
33.32935112 0.80722570
46.16101345 28.47458821
43.42541130 38.93168337
38.52733245 9.61437800
54.48079267 55.39440771
46.18949628 46.87614837
27.17354697 40.44013768
50.90853355 2.75641734
3.90344213 9.79119856
1.71080516 21.37888684
14.25563527 58.45220683
41.71269291 25.29175732
20.63547181 20.95348913
10.21022017 28.30664707
54.88209889 36.55198440
3.60653316 41.78321805
9.56394573 38.91011407
24.45299498 0.55909768
28.21857878 59.69742346
56.31805070 8.98351990
56.35614402 48.51692586
4.62009369 42.64771209
53.72929012 1.23271096
41.80941590 1.13655326
16.04145797 48.64744820
58.15337130 5.49777652
32.51846333 11.02816297
28.94959112 45.42039710
24.32590195 11.93569025
15.76042633 25.89708928
1.84939524 1.20781306
34.63004434 0.09678328
15.11647602 22.15122537
28.27945974 51.15807025
19.06580847 14.61820844
1.57918558 17.21214412
15.80735701 53.28319492
52.40571012 35.49308677
50.30316934 49.62140533
56.75473121 19.52390514
24.73634465 44.62138548
48.20818208 2.29360865
24.99663698 59.48717587
7.27717638 7.87929972
9.17465226 37.38129451
39.06145883 30.25013381
50.00488317 46.53764521
9.00506992 52.04115651
48.59265426 16.25618154
21.11396588 14.68642237
35.18799438 36.92309235
57.92684680 11.03757083
25.94492959 6.67155014
21.99774901 59.44373997
38.35515134 34.90898066
9.20506442 29.59679404
3.17974131 13.67089681
12.63751779 42.78165400
44.55941728 36.91581445
43.52090506 39.92249919
7.72269223 6.11734414
8.24535348 32.73279148
21.32999724 34.21086359
41.35766270 19.79104142
16.54640316 30.90928216
55.25669782 3.11364902
30.83184830 35.01576251
44.55444037 39.91209716
47.09506065 52.92434319
8.69760894 50.99965994
5.90618527 18.22796337
15.47699977 6.53614729
45.88275710 14.37723393
44.11093419 16.99601000
40.82837138 1.01065871
52.40432550 23.72332716
30.16205405 18.19190340
43.19291021 27.21655794
46.23202050 53.83138972
17.06855356 22.14591864
40.47170254 30.63317347
10.22363149 46.43543513
52.65457656 24.76985608
49.47914697 51.10156495
6.80482915 39.64705198
27.87043645 5.44946240
6.52563770 6.21322332
49.94215475 27.97326298
30.63372376 28.45782754
15.84601797 49.82353725
41.42396484 33.34746263
6.33660101 7.40121747
45.37776179 23.17079834
54.52096987 37.49168216
46.26104744 16.99248045
35.52778176 49.04257002
23.91240331 34.82430256
13.09151784 41.60739054
49.28716957 56.45367965
43.91491807 27.87445178
26.93985096 48.07408140
22.20258837 10.13896279
39.77454120 49.90972408
11.20430812 24.35513048
3.40038969 39.66649744
27.03690143 51.19200785
8.10876123 7.16873869
16.61056661 1.77505835
17.02625525 3.75267840
20.64364504 26.30784111
37.82031590 5.11799841
24.16578956 56.57155210
32.28291334 37.51578563
49.41959232 16.88243086
13.39145603 55.14286969
28.92424832 54.31328278
39.46602438 25.19229137
48.24352104 3.70184371
45.67791563 49.76682438
42.51653238 3.15698599
45.04739428 20.36494069
6.76978150 56.24431636
13.50684491 9.50067022
29.70503816 59.34028607
53.62545909 3.95008676
