36.25798319 47.45875155
24.26270331 10.36884291
2.08757453 54.36078332
19.79277956 24.73692856
17.78282657 57.69213644
20.49244138 32.15416762
48.62729143 40.08482826
30.67851927 29.51109403
28.65978063 50.24432462
2.00316772 26.52179101
44.83336773 42.98976373
53.93155285 58.14928330
39.91084760 44.62393393
5.02656591 17.44693045
41.20133379 35.57103283
29.64519273 58.74431725
26.84984887 7.38481965
24.75846990 59.05238467
36.30431612 50.52938769
20.77904502 50.64828624
48.19402407 28.93817596
50.07078323 11.35407486
14.19915069 58.26096973
1.34316330 1.01011364
41.27450357 38.00282127
28.11024615 43.66008153
41.23830366 11.00493434
28.83046456 2.17473754
9.20982643 1.81870322
25.05744166 37.54131046
24.21823292 21.18997988
47.84773096 45.61854963
55.73718944 3.02748068
39.95833674 12.87534418
59.62891760 29.58797083
5.83101365 44.24677099
29.93241717 42.91135522
27.17917274 44.95949603
54.29973339 16.16391450
26.66768954 11.85262071
15.55054282 47.00374165
46.31111258 28.89939314
33.59179272 3.92153645
29.95575516 48.82026862
22.73899804 12.92762908
6.75451308 47.31972841
26.22480143 41.00875436
50.35434443 37.55203659
41.00806044 27.69903750
10.42506549 41.90556320
58.47841550 37.52624932
15.94087936 12.52430395
57.65503388 53.95900421
45.41199607 54.68479095
51.12977841 4.26147336
3.37929828 18.21790413
22.43866055 27.72206454
23.69368414 27.69596803
17.74008706 52.43579031
42.62033934 34.39692030
26.80476970 23.63809071
35.63073776 23.28610723
10.08406892 37.60022798
39.80591683 56.83567784
23.91435170 6.98992096
18.13944923 25.27730034
48.25028564 4.69749091
41.25593192 43.16641786
44.83727614 17.12831701
1.33127851 21.03727669
51.24435949 48.36041326
31.64512429 16.52214206
53.21939834 10.85964132
19.20890884 14.74330743
12.09757979 7.18892732
8.12263393 36.91672388
30.16366189 11.30896236
1.83963036 46.91178388
14.18532814 38.89871904
50.55062737 39.24684435
56.53275748 28.17676248
35.18376415 56.43551623
39.32508010 39.37737116
3.48661650 28.64783236
38.09767614 27.96263704
22.13251541 48.28444224
45.89877422 39.41892618
1.38560100 24.73942473
7.86450903 24.83159337
44.66662232 3.13362765
29.78518054 15.73513822
30.90148170 27.47941272
33.13507547 52.02273084
3.21681728 25.07841747
17.86494500 31.95683610
23.03151729 45.13322342
35.72344885 9.54484898
51.44046058 6.55953639
12.62878123 17.01482239
32.81155870 27.19463222
23.79859077 26.07323630
17.76100490 2.36142395
44.57121886 41.10156659
50.80340782 49.44701914
24.66950886 13.94808509
55.40395064 55.40167217
25.05233961 42.22016795
15.94235670 31.81138345
34.32342560 24.66660730
49.93168202 32.21720377
56.54376001 4.82603879
16.04810144 45.37481914
10.69779276 56.19040220
6.75939925 34.58767638
44.88603398 29.90118379
46.94750920 53.07575155
21.48836626 54.22656774
47.85407032 17.64711643
17.33139468 14.42204577
31.96351249 10.65694045
38.87578968 9.62079092
0.97297031 17.23413371
43.53325923 38.16518990
25.98474764 3.31030892
7.79225432 16.60573552
44.69131085 7.29448222
15.97327867 37.05418402
54.62064956 52.48838307
27.01478892 42.07647991
2.30506176 30.08471035
14.45592227 44.28736158
0.80688784 57.44274761
24.05514527 5.00839104
15.34748196 14.35402142
15.17982042 42.46645934
28.37850892 45.55008846
28.56534484 25.26368700
37.10625786 53.01753657
21.65196115 22.47140653
29.37779243 53.56094458
19.93169927 19.56192622
57.92309737 23.72821665
19.71729868 42.23647730
5.78448413 3.62683503
55.75112386 52.29501031
46.22748447 15.54394815
33.13027916 23.16466872
58.26507183 28.56076589
4.69187628 54.84184948
12.01098188 40.83395097
2.68593262 43.29418905
31.74990540 42.20117636
38.04965315 51.33438256
49.51527759 13.06446988
36.85116269 55.51372883
41.41866887 54.46082049
41.45015543 13.98536781
2.82150796 40.08356458
11.06306886 45.30525776
17.48364247 6.45194074
53.32655339 44.56285658
13.97617035 22.09472103
30.35321198 23.81077863
43.52612043 55.18316612
16.79763612 38.13637197
29.69548780 40.49110447
59.50447449 24.32920979
9.75736927 40.01391956
40.68122813 16.44456320
23.34825838 36.61564534
48.57430219 54.90073709
52.67657966 47.32778765
19.20787349 5.53492989
52.08430622 8.34453160
48.53346057 9.53825320
10.12002637 31.78074630
17.18737261 27.33359777
59.50608408 18.65436235
3.14459251 20.25538823
44.81719426 58.52943853
22.58656124 22.74747410
14.97894077 40.50097683
30.11316743 44.60024032
27.52416267 36.44424959
24.26311444 43.75178064
46.48413048 49.80852063
30.87033980 54.73011401
34.88979779 21.47334696
25.02220005 35.64400000
39.68905600 28.76922328
55.45483061 6.55920131
54.23900828 48.21364182
59.69853781 20.55531528
35.67045165 33.56067442
21.15617710 40.32984510
42.90013502 10.16924148
37.45158459 38.85677889
21.77818037 55.81556771
56.13116691 38.06411971
20.75215379 14.01428974
42.14753403 2.29708625
41.78876335 32.46894911
3.13708369 1.56696590
26.03640020 43.75424395
32.06972452 25.25261738
8.03792348 30.23220133
11.82021624 39.08578454
24.55081074 12.08982406
4.15551847 48.51754476
47.55098965 43.69230618
28.95598336 7.45630143
32.65254191 2.51361113
7.64674881 44.69118710
46.56187623 4.63099406
10.91932499 11.94301127
11.93780596 27.87266635
39.76954937 36.75732317
32.48488623 57.95245236
14.06970868 10.71400216
26.11834393 14.02168085
42.68186791 41.70694579
17.99031506 4.56380142
15.54682221 4.42958046
34.77627354 54.16102438
17.93430061 34.57520284
37.75753905 12.09915706
54.94753479 44.23084274
38.34898916 33.44658560
51.38548671 57.76426856
52.74237831 33.03943768
52.66400353 19.06796357
43.63638967 14.98574173
25.76082723 39.36185927
8.92502836 28.50636209
3.67696622 7.10221806
58.68057850 42.00238691
23.36959955 29.59748509
46.18728808 13.90164603
16.68125881 16.45200491
54.42244400 18.36097358
5.15675981 33.08220597
10.21752283 18.30197930
31.17107635 7.90044952
42.75829077 12.00432142
35.26910108 48.92217878
46.55078841 41.98643865
34.88637760 58.36798495
52.29109315 33.95716848
7.36618144 7.28260697
10.85460168 20.80130423
10.07252942 24.35989028
5.45198191 56.43042099
32.03446405 50.01241876
6.86992178 18.04752167
5.89081035 13.84713847
10.34191140 10.10451761
43.65841912 1.46206083
27.88630553 39.80758522
18.11863941 23.46821169
57.67988999 11.70516019
15.33627250 54.92112905
41.41451951 24.01088910
1.17554427 59.41252405
34.83163941 26.55800260
15.17542754 6.75585941
27.69253204 26.28314096
40.22544480 33.89928583
27.20625555 32.72627175
41.90403622 56.22183545
15.55424216 53.24448234
17.66376194 51.22247065
33.21404910 13.33417465
35.62598225 45.47531671
56.53722990 19.42953210
31.59294594 56.26566379
19.99992394 44.39451856
20.31793688 30.42149579
58.37722688 9.05859755
45.13755861 37.11475696
28.03509817 3.91982350
7.31774547 42.78341877
23.15720440 46.11611249
27.21975341 58.95683336
8.55901742 12.85263436
49.65206185 24.12406689
59.79670510 27.89571557
6.09378800 1.33871976
12.01187050 57.68241247
55.29846916 0.28382264
56.86273874 21.19198661
46.28471628 35.88921843
12.89844317 3.30518312
20.48328981 16.87350568
26.32800529 21.79653823
21.78590763 31.73710543
30.80289003 2.27868026
52.44349468 51.02325517
37.81424735 36.49504301
35.71048493 14.24589095
42.75243638 44.52511725
37.71045413 8.29203896
26.26665142 1.16717365
27.79836092 47.49283333
35.41035698 16.95062179
5.18873951 6.32273773
56.81109447 44.85827477
18.71430964 28.78624513
39.07355140 53.28408090
24.56126753 40.59680541
57.69536675 17.08392433
12.40227511 37.21277051
11.24293692 54.58709517
21.81256593 42.82360036
50.28443259 8.04294070
42.08596394 30.58755654
44.70505220 28.12002518
20.12977216 35.83239786
15.67218136 8.59500912
57.58567142 42.77143702
40.69087189 58.66453900
24.28449494 9.15112347
53.90529637 7.70084822
24.90734576 23.11880669
36.47055527 25.30044191
17.86959450 47.98163130
50.10860000 18.03121439
16.16864940 54.02725514
49.64541255 6.06032485
59.93388026 52.10026511
28.38718050 8.95493078
10.52573797 6.40220222
12.48861183 15.16524880
44.56812708 45.22172457
12.82813377 6.41218882
14.21049350 36.28566175
53.11962689 7.02157655
23.41920775 43.25088672
19.74649652 22.90679626
42.58911776 15.89338293
43.20572724 29.33435376
48.53257782 42.02731556
10.60016616 14.21639399
39.73495064 11.27051582
42.52477649 18.24724713
13.89893778 41.20669713
9.40665449 15.87779408
17.64464398 44.84120936
26.35763058 5.57403004
0.27765294 22.57542007
9.84077928 7.37332637
20.76501313 57.35805981
21.71879393 5.62709022
20.31563980 7.01901058
42.22005630 0.57079958
21.10714334 29.85429227
16.03656025 1.28882791
59.51467819 16.30972563
43.63976984 46.60387977
2.71323089 48.59786478
40.77325081 41.32983758
42.48947390 28.70290437
54.57894581 4.68584600
53.46910460 3.12741178
28.93147489 5.54287558
39.22891760 30.56302847
54.55389620 24.77616768
58.45243780 26.39689395
12.73381888 44.47172404
44.58403682 35.49560390
34.14664786 43.98370394
39.43214021 26.92236458
1.59300183 19.09362494
8.89465202 9.06318358
53.01837479 37.59982282
7.03426336 40.91957046
33.50470659 9.46118503
41.80015390 8.81010896
13.68887259 31.36142275
45.45685592 0.65335712
31.56459601 4.01513952
25.50493256 10.56024287
37.93897811 29.80852553
36.14509540 31.57886968
17.59952884 42.83388062
2.28418634 6.14300030
39.42848276 24.66130266
30.48106419 21.87421782
5.53664128 41.87312907
2.86649702 59.74174761
32.87221208 21.08733413
43.71714929 32.82178987
31.55264623 31.53752722
5.22965807 15.68359839
23.85702563 52.00330411
26.93175542 56.67209240
42.98560135 39.76122880
58.45588304 21.85906897
17.15682437 30.26748367
33.34311749 48.84645675
9.70035877 43.96906639
58.13490924 19.98298613
34.52596451 11.07162830
32.79451915 5.65093804
5.43145279 19.32194266
14.11376157 28.58516426
52.50789076 53.24094223
50.24641762 41.12910289
8.51917820 57.29669096
52.73221880 5.30385600
15.17192025 1.79347920
8.84859241 58.87130738
34.70687001 5.50209432
36.22293517 27.58801914
35.06742787 7.37135663
21.46327771 8.54899261
0.71524731 39.50559359
32.01080232 0.24486832
12.37972736 53.15501182
31.29621431 52.82636107
23.44211990 1.60733325
16.61856109 18.96096084
13.97122011 0.08865647
11.85358292 18.53882102
11.61132085 4.86532387
20.16916333 9.90072986
43.64005748 19.83231515
13.77794993 45.91103161
49.48772235 58.16835365
32.65250699 54.82952532
43.96733734 53.34462221
9.20477340 45.86352023
12.81410952 12.57014782
15.85532473 57.82807223
34.49798140 47.23859559
0.04458065 26.17100246
42.86778723 36.40498593
17.18263798 40.24532837
16.37249695 24.50934161
58.92087608 40.57832633
25.62501698 8.84952883
6.13115523 28.49694953
27.36444980 12.73821299
54.84538985 27.69513571
22.61625379 34.90161384
21.67630737 46.43433649
50.26145218 55.17871715
25.61097651 27.50103106
59.43787054 55.23016838
37.93659909 31.61416633
40.76842607 31.13792521
54.99873937 34.37742873
3.73375546 32.92448386
4.95587988 46.00034061
29.78883143 33.42283427
30.85340690 5.80783208
50.55718606 53.13858385
5.38911345 18.35251161
54.03210418 6.74858612
57.55417271 36.00008466
41.65636001 31.47019255
22.75622056 47.52717831
31.79890064 54.33798662
18.46064639 53.09860783
32.95535841 20.12947813
3.15899384 29.61124816
6.00604966 17.58085128
24.60438384 20.31064443
44.73681178 42.04511950
13.01895851 0.19889624
39.20292742 29.61306822
4.60907837 11.91477129
22.38760057 36.81965353
10.16884610 1.80812033
51.51621058 53.40986252
55.47237654 25.16769108
10.44405708 11.06595532
39.91618584 38.59124566
37.03616356 31.96049574
32.48990266 55.81307660
25.14631157 44.16502280
44.62094280 54.08444157
51.18330907 7.50454905
12.10133055 54.07192879
10.96200511 38.61401614
14.55911836 0.87557748
11.57181676 52.63651616
34.54026177 25.62546319
41.70057322 1.42066858
7.43113949 18.83057490
4.53071111 49.38345141
24.97698938 5.99361119
10.80144233 7.29327900
44.37646189 37.69994951
39.40654352 52.35594373
33.88166182 23.79360117
11.57537429 14.64353819
2.69681955 0.69332628
2.81383284 25.96644169
56.59129201 45.80302286
50.77540379 5.16322705
17.05690226 1.68764506
22.21939554 45.64796468
25.30472117 36.60255463
19.08954227 25.52776340
31.33653562 30.23619428
41.86498435 53.63853035
14.38859724 29.85827798
6.21098060 57.04538553
30.72119041 31.01118272
59.21354251 51.40827830
23.77705327 40.05035439
55.16317456 3.84815416
55.92323986 27.42246923
3.77813332 54.54959751
15.79501173 13.48131251
21.65662218 57.68801794
14.51975946 45.27495205
14.51014214 14.83362489
44.39391370 47.20559894
51.00829088 11.21796803
43.18638026 18.96001998
13.96470412 57.32665605
24.13240641 44.72663421
59.07934483 34.38181680
29.45181032 49.68143780
39.36440345 13.65222882
41.01198627 56.64577234
57.48008925 27.99244119
26.31084297 6.55367011
47.90320498 55.56287322
16.38848116 58.62269134
13.08343642 41.77203363
17.15581825 4.04099444
32.77215756 24.07163777
14.46006867 37.72846980
30.33583687 16.55727479
3.24887367 6.21777256
1.91106466 17.38315558
26.65139616 31.92046371
44.07500027 14.10935036
20.09854909 33.02187787
30.79431538 55.70077145
2.15083657 1.51713749
39.84523458 41.64741518
36.45497528 44.94736500
18.06117533 3.28577801
5.74422974 14.82767021
27.29805526 6.51952979
35.23204219 47.93051707
50.84488058 3.36620353
2.43235256 19.59221690
55.61035223 1.21865084
42.06997059 40.07685480
44.33570308 6.40261421
29.20038801 8.37498870
26.00006771 56.98624241
38.10781583 53.16869725
45.48320510 30.65761144
31.32254735 4.94821118
50.07546076 50.11623363
48.17685485 42.93181016
3.62295291 0.34953156
52.56242524 45.15985435
47.65623456 39.98100140
2.90699719 17.37032450
28.94741531 54.78799953
8.69539479 29.47980206
42.64506059 17.29207768
40.89631750 8.51391469
49.21125936 59.10833336
18.31561897 11.36655731
24.13873627 2.30261635
16.70654817 54.81479848
51.77937886 33.16937499
41.94880646 9.89579917
39.05992325 2.72639536
42.82414651 40.73654874
15.94379860 40.41447174
35.82681084 32.50450344
45.68841683 28.14524540
16.33952946 14.37010709
57.49508074 19.25213213
26.23888654 28.25509258
40.42091936 42.66998617
44.21868442 52.41243352
42.66580935 9.22241706
2.70882523 7.04498604
34.30262681 48.97716065
26.63305870 24.58566475
35.09950401 10.27851710
42.75498560 32.61031216
0.78714606 41.00659766
37.70919574 50.44136660
30.21390193 12.28230568
57.17876241 1.79390644
23.96662921 5.99659342
5.22008842 43.49478856
10.49894968 55.21613320
46.05255534 36.82760882
56.42596461 6.70976658
23.64126380 35.68821152
24.48254140 38.32565055
10.50129620 44.51019311
45.33160469 36.14632894
43.18574952 0.61138139
41.80472285 11.78847052
32.32076365 58.89099644
25.35454617 58.29763008
55.40199528 19.99059290
22.67511623 35.87264193
0.62915272 20.36111191
22.72648071 25.80721640
40.89864718 5.52766582
49.90157379 49.13188784
54.96313061 5.71686438
17.79324709 30.98869532
45.45801809 7.88881310
42.79245600 55.83141851
54.68402638 19.26488700
28.93059605 47.64639769
38.46298312 7.66157841
40.39405334 43.78609743
43.72265073 7.35602910
57.47592728 21.96372262
13.62746595 44.89256329
55.55514891 4.81913532
11.41644276 55.55823557
27.16712050 3.47972800
17.77702592 24.35686128
17.42608885 41.87037310
44.12964811 43.63113041
31.26358229 50.57593986
47.02961223 28.25885039
56.67536108 3.10494862
10.92502526 4.18861808
52.23381082 21.58655696
47.01061101 52.09527965
19.09121776 23.64687288
10.45525578 19.88873867
41.25165573 2.66231239
7.19559655 25.54351443
20.87854003 45.92128196
25.75781882 35.04495850
23.55262645 25.13010496
2.68839092 53.61608154
7.57793121 43.72749364
45.58503688 35.20208734
54.64303747 8.31805773
17.19802520 35.22147522
6.16526691 19.94894971
47.24491406 29.22475347
35.03703302 6.41193174
58.75697967 25.50485920
14.97892789 41.47250783
31.82314318 3.08370910
32.04723516 41.28545518
45.83741700 29.72504146
0.19478801 28.80732338
22.12577770 40.50105651
42.68247786 46.57009167
53.22527376 41.54304789
50.94368884 50.61395990
57.24419181 20.27896246
34.69181548 46.28239578
26.75586889 22.67447102
46.78733431 35.07503138
12.33755345 39.92120612
54.29574750 17.39682460
58.89742063 23.57596261
40.50602986 37.40573967
34.77641197 59.34051029
49.42658257 12.08242114
19.93447780 57.83761857
49.60691638 53.07172265
15.00431273 36.90301245
26.99099015 21.10021130
2.89941916 55.01177772
59.42897360 41.41832514
51.63158543 49.89765104
10.24840090 23.37802115
23.11078934 26.93950617
19.37172424 30.32724669
11.59181440 8.01650061
57.85392722 21.05800398
59.77161516 19.59696090
21.10560182 7.61572284
40.84441259 10.13921290
6.08992422 41.08839571
51.24223774 52.45647224
7.75271243 17.61356634
33.69575460 22.38552049
59.99302917 23.49784700
10.70253938 36.26034439
10.18131396 5.51079825
5.64854989 46.70010287
43.35902021 20.76276448
29.19998452 11.35807242
1.42136344 47.78388261
3.37485789 31.72129504
12.59028257 56.87226773
9.49220602 8.27287514
49.52266080 40.47599572
11.12846673 17.91559266
41.76096312 41.31709129
2.58630575 5.23366224
41.07340044 46.54672247
16.78397164 36.52584751
19.42145790 22.00015758
24.19991640 14.75712948
22.48681338 43.52127497
41.49516990 26.88572412
23.07039122 4.92105994
35.99537855 49.59008119
21.73932853 30.77474234
43.24851426 12.81885937
35.94352557 34.50892706
32.47668769 26.14054987
13.05598611 21.85244816
17.64626055 26.09208252
11.35444342 39.96135289
11.44370172 16.83114565
43.22539312 33.64806265
32.35963760 48.96206840
0.46981764 24.42163347
36.96302827 49.77589172
43.13289185 2.30429287
16.90208364 32.10609892
4.60169514 41.88358658
44.47517806 30.77413422
20.19815816 7.98486105
2.76478415 33.02540315
29.91582505 5.49098847
40.03307846 27.83781352
26.28210945 44.68692929
22.11245622 7.72454540
50.34975365 24.81856866
2.62926192 39.11981004
0.73749788 0.25632027
36.46696484 53.76963225
14.69480647 13.65085144
14.69934968 22.72657048
41.32674062 44.12616517
17.47584547 56.76042684
29.02666152 6.49441851
51.29752119 37.37951436
58.20316324 3.80369330
25.38970502 55.55610695
36.73638998 26.25572297
36.31918234 24.35128905
57.55067126 45.50012468
21.76855692 53.29034758
4.61627494 16.55973343
56.12083401 5.72368583
29.04429913 9.68812134
51.79107175 5.63428314
18.47509746 45.33000519
17.15492877 25.12936709
49.33214857 55.53189026
36.14185256 8.68277845
2.85214849 27.00084452
48.52102565 58.18012334
15.00833680 10.94548469
21.79093374 47.36887136
46.98884216 42.87794232
20.41009278 25.46053727
32.97434321 47.95306948
11.42589492 37.29541424
20.11731115 56.64081979
4.54186963 53.88316458
23.39999739 28.61819191
21.77254074 50.60221425
18.30349886 14.30220335
8.34008920 56.37134809
1.95490948 55.32045055
59.82972078 57.65503860
15.15601605 58.51161461
52.03590305 18.33644073
51.19882419 54.97734824
36.59244432 23.25530776
0.27032664 18.07068666
25.51994315 40.32291060
4.52840145 56.75616253
23.52287407 34.58268497
6.26634527 18.81148506
21.12893028 56.47782531
38.87348045 50.84399620
40.56908211 11.69504729
16.96095109 15.51230552
25.27803595 1.11263086
22.90253464 51.75986115
21.17736125 49.73338163
44.04670812 49.73319659
5.56436045 55.29095140
7.80373787 23.86521241
42.26407379 29.62018519
16.82743652 57.72966069
42.63521950 31.37950521
2.41103903 47.69480265
21.41382161 32.61092563
6.52503590 41.98844862
8.37851099 45.36764351
34.30733804 12.01058576
30.44331229 35.02679831
9.46499255 41.94448725
57.39614185 28.97028686
22.37568132 8.88245784
52.34948262 32.19155862
27.57667882 24.23825863
30.57195412 22.85646989
17.43777908 18.41701525
40.45740031 24.28307277
52.97035046 7.94855090
11.28217119 9.86127043
44.91219180 53.13441826
12.84379384 27.51235302
11.28023185 19.30541893
47.12546365 17.00409051
30.62076511 45.39285931
56.66473840 42.93259426
33.85236575 21.14734429
55.42022081 33.48678067
57.35672839 12.88851165
57.03363079 43.90538843
57.00249936 23.96902792
38.37517464 21.25364295
42.12668948 33.38839086
20.87833586 58.31947974
42.80323545 38.79560642
22.34623972 56.60119474
22.75910288 42.57218187
59.71432985 25.28178314
51.14194995 8.50052369
44.07924059 55.95018101
27.46185188 45.84873485
54.43455831 33.51116118
38.87534245 31.47142751
9.92160986 20.99483576
37.44294415 52.09951314
20.06994743 23.81557273
39.24282868 25.97784077
50.48503322 6.54922317
53.54174962 38.44244302
32.65502139 1.54878193
13.14325172 28.69337881
5.18188756 20.25271558
39.90736925 18.01557544
43.71358133 31.88132156
0.33281196 58.98402487
7.96580259 59.24022312
24.65367085 27.72277072
6.58538897 43.59698162
45.46955252 6.72839854
57.67147065 52.23290077
41.86436976 59.66398453
25.47849247 38.43249192
5.64421331 45.24492406
35.73876513 28.41579416
11.52258631 56.80536667
13.71182781 23.07384408
44.50147580 55.04592192
28.48252348 53.87433981
11.78809162 44.67473736
6.65401200 46.38021044
42.39409533 57.03134553
4.40472498 18.23152417
4.46198201 19.34791965
47.67065189 18.61905426
15.13610409 47.85846424
47.43351192 4.17443750
0.38444125 55.41855989
17.54346060 43.85279277
29.91245136 27.51184667
9.86824766 46.56882135
33.55257296 55.21074468
11.44806510 11.13438732
37.40283668 25.49118267
33.74405273 10.49758797
11.95167280 31.67966809
14.20100520 1.80970991
4.38291523 29.05786726
31.03850508 51.90606155
14.97271338 9.28912963
6.94668076 24.52369187
45.68565560 42.47914741
46.31328673 12.94436838
17.16362984 53.86657217
20.64439037 53.83216440
59.34652229 10.61232276
12.10345829 38.14664839
24.83156224 39.64643826
59.44704708 42.71159104
42.52877842 14.29418859
8.88275242 7.16673074
24.47212691 22.22158360
4.75890393 14.81121302
0.75051170 27.99061597
18.63820535 1.92875286
15.88920504 25.39045244
13.83724387 3.03128959
44.52168345 46.18699149
29.59943241 24.43985574
28.27058955 51.15773650
53.38008751 33.71689234
8.56890359 44.40453506
8.05441148 58.12516444
25.24939906 3.97003980
32.97344126 0.16513136
11.80041313 20.77116024
28.08519150 44.63244613
2.20436712 49.38702216
11.19028253 41.31746183
10.99667796 24.02939815
24.79691610 8.35104428
10.25092536 12.62100906
32.96427047 49.73930497
55.21018456 17.77954620
57.03302971 16.36623935
33.18065447 29.57313461
31.29092312 17.43343934
17.00936432 45.58657147
40.83730466 38.95494750
22.67478240 32.10406431
4.60471881 33.85246951
1.91438048 25.55135589
45.70072098 32.38745529
58.56827180 16.59444374
36.81885201 38.12513855
6.78290979 48.28946056
4.49417364 47.63299522
43.75385365 3.44841888
35.46794481 46.89517648
49.64714628 14.01577600
13.10453405 14.42541889
54.64587827 58.85966177
28.20381413 58.94702913
17.78487087 38.35720093
50.29717952 0.45896866
35.14299217 24.14983698
26.43539004 37.09351146
13.63063589 59.05743698
9.74190990 56.23943475
50.57403172 40.20584015
8.78612348 24.51128742
42.20480359 10.86596246
32.72164827 42.15041596
34.48749294 9.45072121
10.58471283 57.15910112
8.76508150 46.71909978
50.45420546 47.78961348
16.99640685 29.33698338
14.60861637 46.70991767
1.56554320 20.07401200
53.42026374 16.92334095
11.88468598 12.22540941
42.19700525 43.69951883
43.50448462 34.80443005
40.99727835 12.95666066
52.19143136 7.36102641
40.37523195 36.03058180
15.95121329 17.20817522
35.87252695 55.23676461
16.53235993 53.12334631
0.09303759 40.27012751
30.38671888 1.41545580
55.56300386 28.33701181
26.77364667 25.92330180
24.39916478 13.04462036
8.75414721 30.89125259
59.72684760 39.35349825
12.31981540 58.69604983
0.36495989 38.59851454
9.45719369 44.91815629
58.49305813 42.94644773
29.23275374 21.68587110
53.35023095 15.92593415
27.60955368 11.81869776
46.42353142 23.19740877
22.08328484 29.82452113
3.46143810 49.18848443
0.61713863 16.35526707
38.49725808 35.66140591
1.11450583 35.69883704
50.46521846 58.15254767
12.62190306 52.22836759
27.50905492 42.90083954
43.16269969 11.11479082
9.63253655 29.20571754
18.81695139 47.67434103
54.93233622 57.90410313
55.87956203 44.53284533
15.20119771 7.72438220
37.04708926 51.18124863
35.67337082 5.64754126
43.23432302 52.73516968
54.17751958 3.78700897
16.72808394 51.00298927
18.09710011 27.00216073
1.38379393 5.80940754
5.47601187 54.27180071
49.50368651 8.62251411
14.33671628 8.41748753
38.13185624 10.25302405
38.82292375 10.99034967
32.67409008 6.59923383
24.92938836 59.99646396
8.76144247 16.70718632
44.25308323 57.71861480
27.69003221 7.88798951
5.91020383 47.78608849
41.18401715 30.28090126
26.16495534 8.06019774
49.41753518 37.32662052
47.00534034 46.12598492
26.88619913 26.89918503
18.80781392 32.14779569
22.12181264 21.66813045
34.00876679 19.43704688
0.00060599 17.12538652
1.55220905 23.79856021
47.32340086 53.94880836
25.82081991 23.47592781
58.53580552 24.48681554
35.12176935 8.33062846
48.61567533 18.30542185
31.47300102 28.86698527
22.11005095 54.94108820
0.08401937 15.51816933
50.20861775 36.60310533
9.99242631 43.04196036
44.38241007 8.20649677
48.26252462 6.82025256
55.64694140 38.91018270
53.01995033 46.40578160
17.72471642 16.51979489
12.31517557 36.25607749
25.61599560 22.44827684
32.10397761 11.62242960
34.19913315 4.65781095
40.40638962 26.93752604
23.32191343 44.19988844
8.39554906 15.80807626
1.21074245 58.42198451
58.13158175 22.77851059
32.70369304 3.53104865
2.74031815 46.57405662
46.64393152 3.38278177
0.61610979 19.01788988
22.74310993 11.94379598
49.72471444 10.36516621
17.11721574 39.07477714
41.27382672 42.18304271
22.04741368 41.87557143
28.59293023 3.11556389
32.47739138 4.73387174
42.59066604 35.46029699
51.02753057 17.04166664
54.73857474 56.68503229
24.13917518 23.67361094
48.75732829 17.32198701
10.81178910 31.06385713
2.34251182 44.18964619
56.29720028 20.40673136
48.62262998 12.65822320
5.28757573 57.39177820
35.22541880 27.45739962
14.87165410 43.39788781
37.20093340 39.80567176
37.46700200 53.92323508
39.75159523 16.71717050
28.96329532 16.27023929
15.73573256 16.24119280
25.68401805 59.32406007
44.99721576 39.01398410
23.07064165 37.55129806
59.34603029 9.18980346
22.22028512 23.63601801
40.89539040 32.09643911
45.44802540 1.59683818
15.41150610 24.48708823
40.15730736 25.32023396
28.67587138 34.80247423
34.11234517 37.42060467
44.74646013 59.98794291
11.22752833 5.76553367
34.08602942 51.93025685
59.23115739 28.68067529
59.29598512 22.46115458
18.76576653 22.74031373
6.84986434 13.69243004
7.64003263 47.70339836
42.18618318 3.26219097
20.83472794 5.26218929
4.04937133 1.85059350
14.95011059 31.78691831
52.40168830 6.39412921
32.03146089 8.36246409
44.69622248 4.09675937
13.04521603 4.28617361
42.20210318 42.53937577
27.16399055 41.12922384
2.09158372 59.16890166
19.57465134 13.83008550
50.65276035 23.84049871
17.05534571 28.27119761
37.14775083 27.84021417
47.60245107 44.66379633
49.91179715 23.17236715
24.86741451 7.22209496
9.23868856 2.84679447
4.22935425 6.28257718
27.94293638 13.51681943
33.49287350 2.94264672
10.85678618 32.42709468
43.58361900 54.22433087
1.67810170 6.87948346
18.59412138 48.66020114
49.80791411 17.08966508
16.13678808 11.56525624
20.98076926 23.12948052
57.21989865 10.86117255
51.74836587 47.00948351
48.45580685 53.95202163
52.54239364 38.47508126
18.73221029 42.32987034
52.97778874 34.61816740
56.25679171 51.50983932
19.70062067 18.61306226
19.83275786 38.04650935
36.49575223 39.09491927
26.41100755 12.77834747
52.51604662 11.54110532
20.67947591 18.94747055
29.57655431 56.08508580
24.33554440 41.53645430
12.09233837 4.01114527
1.03173632 26.37230489
13.69925232 12.15677276
38.42340454 52.22523135
18.84821957 37.02622869
11.36292882 13.58576761
30.42018876 28.57246550
12.25580791 55.03990012
25.38509537 14.60315939
55.80029528 7.47604478
41.55147885 18.19201128
45.50129684 2.69045262
45.62552383 43.53425152
53.42471370 19.62661593
28.29890282 1.39350601
28.77884479 40.88039820
11.80654559 28.83608820
44.17793599 28.96767673
18.08630101 29.57245458
35.41216800 11.44949474
39.84215217 31.30038462
58.60147201 12.00038368
35.06354771 44.43090313
33.46248320 51.09234931
9.20806525 57.97402435
23.78846661 4.07876030
8.37369645 2.29839413
30.49931970 3.18319603
13.28319215 36.62875475
24.76599938 11.15732561
12.27580484 16.11649865
0.30991950 27.08960978
24.08694915 46.31763386
42.98963185 30.26949320
9.91280816 17.36699633
37.15360598 7.51726887
16.92748500 17.39191205
0.33881796 21.30531921
15.34276015 44.71458644
34.15685248 53.38509786
22.18821396 44.63185560
57.79708881 27.05815835
30.51076873 43.71595360
13.20783487 46.67292385
57.06354652 38.83471605
7.49629227 41.82878140
16.35930391 47.54105936
2.29334610 20.75385627
0.46005792 30.07748092
0.48480328 1.42862130
54.33009545 43.50610769
0.00019320 54.44750738
34.12531827 6.77606795
33.43006083 54.22319021
36.15951989 52.80997478
15.01594702 30.81251792
59.33140126 26.84075102
58.83436076 27.77004188
46.05244711 59.91534151
13.78009413 6.64797073
33.87057058 26.75511799
40.68670726 34.73949168
41.59214745 28.46551126
16.21126152 39.44698497
58.75678498 20.68539586
39.12462467 12.37122232
1.93603975 27.48028059
41.82503888 38.80007848
39.67096420 54.03823320
19.37409932 6.79571803
22.60097565 5.97959753
53.93331228 53.40288523
52.00946081 4.65666356
40.84546166 45.00607622
29.97159491 54.36880184
39.57275939 10.29665680
33.74030049 5.53069211
47.18347002 36.24201754
42.61147173 54.84026460
41.90569735 36.23259709
32.55457040 14.06177490
26.16375248 4.61810412
39.77616566 59.05205527
14.25653976 42.13338375
50.91786482 38.35344947
31.67537704 55.29064927
27.94628880 37.28654424
29.47145068 59.69938729
16.27528855 46.34085362
30.76924504 49.37665860
56.51393576 39.86830370
3.47968348 59.01631162
29.19044655 44.97809779
47.32746584 50.30145407
8.42789052 9.89679105
21.06805282 42.17864928
59.23789154 30.46041391
24.08345808 37.28484895
43.43763193 37.19709720
25.28584720 41.27140651
21.73051884 35.30389206
53.47924141 18.54563756
38.62195878 8.69015700
54.81773784 7.32029044
17.35598557 37.33580397
32.54372107 21.98533895
33.26295770 57.36709197
2.45620068 18.59315713
40.04940328 53.11025649
44.58396941 33.20989178
2.38429425 42.37670074
43.38414582 28.39030881
53.24710353 4.10325028
44.40755853 36.45785177
4.72238396 55.79187969
44.17793471 2.27674611
39.24330010 33.82718638
13.26071112 11.26550856
31.22206049 6.91218582
37.82033261 9.25902081
58.92456314 56.02829652
58.82477647 19.33032826
35.82557975 26.69706727
22.45293010 54.00883546
37.73483036 28.86241590
19.74186068 9.03964827
43.68173376 45.65530047
18.06838675 28.03445564
34.79437024 43.23170810
50.89233378 41.82010927
3.34774314 19.19934934
41.75629255 34.79488920
26.94833619 13.60861424
40.11629135 40.62525246
50.43812797 56.12939697
21.02755324 9.45625998
8.32961089 35.95676125
31.08897068 11.06291394
41.36866325 55.43413242
1.83198421 0.13912391
58.61222406 54.70878995
8.35354067 25.65411183
52.46627367 9.22194614
44.86861578 44.30592176
35.33159576 15.94567011
10.94501259 42.71326515
41.75325282 14.92036410
18.81908080 24.59285616
40.62469249 15.46894161
5.05351992 5.36462164
23.62049555 12.43045977
31.83897635 5.81116284
16.74454820 0.61335437
4.91271977 44.58665533
4.23275592 15.64899519
28.24757114 48.37218899
35.27099391 31.17713328
15.73670606 15.22570667
33.40312035 25.00367274
49.57923915 33.12640182
38.05521600 32.55636708
25.75591512 2.04450087
54.67189261 25.75920477
38.28273883 30.69449214
26.00793468 9.72674903
18.64575281 35.25684605
37.34764392 35.65919247
37.01004767 29.54776024
39.83357534 45.58230105
28.68657894 39.23813673
42.01072884 19.08519330
13.42055204 30.40678928
39.81355647 33.01794216
13.22107787 15.85066930
40.54594644 54.85694321
6.67872412 44.72505571
14.57469867 59.32410097
59.08273237 47.97651293
30.94479937 41.65883286
16.18181135 5.16578718
34.48089854 16.63398791
30.26348053 6.58114108
37.31821757 30.88313009
35.59414502 25.72324191
26.37559661 10.95259634
49.11060046 11.13512490
23.27047595 21.13906066
23.97309071 58.49233980
3.94884654 20.76266251
32.22961303 52.33988554
9.57815563 6.44546259
3.75350670 24.28871219
8.87500209 39.62000599
20.98970516 0.60718358
24.21743312 42.75618189
49.33588289 41.47584195
43.84736376 10.26318619
5.91634686 42.76797143
26.67564611 39.02465089
15.08508853 12.09985302
27.51130370 35.46730679
26.93110108 58.04264936
32.12309010 53.32132500
15.24999270 32.72403678
18.46830377 44.30506089
43.93156057 29.92249890
19.47431946 20.40058232
56.30182483 29.10902788
58.77753752 18.01945654
26.64079352 36.07237065
45.32725048 13.13088653
28.87461898 43.06402767
18.67099023 52.11186286
32.43845843 50.93428437
54.96068037 48.89646897
15.97972496 56.87154721
53.31851635 6.06850907
2.00611590 21.72403274
50.25138491 9.32114593
10.15447600 45.62370304
25.41187622 13.33012895
13.26873841 37.63898046
16.69432799 44.65512775
16.98644948 13.50771586
12.99305936 40.79318557
39.92121624 57.92784374
5.96823735 32.61250570
15.54364993 36.08475009
9.34332918 27.64135740
7.41567250 45.62255131
49.77021238 7.22146017
19.19129378 9.98537757
43.63943156 41.46328007
42.43689909 37.28524384
26.01748069 41.94781629
43.35272848 47.51910841
18.75975093 55.08787447
38.39845304 39.06014485
43.14330478 43.41168832
27.17629238 43.98663208
2.19184820 31.04735129
45.90059659 41.26248000
43.65421926 35.82118197
4.81827414 3.74505135
45.13895646 40.31296013
6.90352115 33.60473072
55.44059223 43.40643355
2.35533171 24.65561768
54.44593812 55.63450958
51.71963723 34.72801306
52.64376220 54.20787587
7.75380724 29.24555464
32.14035269 43.08262249
9.09844303 13.67552325
57.79517606 44.54296617
59.35460466 21.47013146
29.67557916 41.97715913
27.48107807 59.88265902
36.36169182 30.62881043
1.75868736 45.96166731
39.30974239 37.59424008
28.14526409 46.56686039
12.60990019 43.52521842
51.86251483 19.58231099
34.16808952 7.79890531
38.71180196 28.74507566
32.03813869 20.57177202
17.82637250 32.93285219
44.71987717 34.55037746
31.69344553 24.36947266
30.21280863 53.08481594
23.52756088 22.69251325
48.37693658 41.03810061
49.58003034 39.47291532
43.73276959 44.67867797
8.87752678 43.46122929
58.94603045 53.62180728
35.03980781 20.50865407
46.29595093 55.04181440
13.33861237 53.23698636
42.68462060 19.97486580
55.30762466 53.13950911
42.01210008 13.18552184
18.72789012 57.64627485
48.35726356 39.15508660
29.24885575 51.03092772
37.82647659 37.46035987
45.80060300 4.01150859
4.04481644 25.54925296
56.16221843 21.83049478
12.60323830 17.96584107
32.19165729 22.93717629
32.73447914 10.07079545
56.14701526 3.94268399
16.24571931 32.85073028
30.89404601 42.66824672
9.83807397 9.27725650
0.90443430 46.70793583
38.80779774 36.59198902
44.40523869 20.40352209
37.20124476 47.46146606
16.13351328 42.57380092
31.76023713 2.10356155
5.59020408 16.60360209
29.80350716 2.24562282
45.52758165 57.85291504
23.73508739 30.49307339
26.01625238 20.86584946
20.23732424 10.84582553
53.63624416 52.45552405
0.69932114 25.43141062
39.05790536 27.83129127
24.35133670 36.34736203
59.02882923 52.48100173
20.66226670 20.17117048
49.94920693 38.45576151
3.92003647 17.39756557
16.07254548 52.25905321
3.40649103 47.91216077
48.95742776 5.37145213
58.87905917 32.27711385
33.95561717 48.05106495
0.24497191 56.64155358
0.68903783 4.56961347
31.37033562 21.48892753
10.10205563 28.33342265
20.91196811 43.18515278
57.39704665 5.25607165
38.81577512 23.53685476
25.16233302 21.43204967
10.10339181 40.93844127
25.09424743 43.19194750
50.42595368 54.10640684
12.99776848 57.85267752
56.37950140 48.58112496
35.19685757 4.67315853
7.52802582 6.30626519
31.24230790 57.16750504
45.17661168 28.98082002
43.73025718 39.12989035
40.48888406 13.77053882
52.75798656 50.09990658
45.52800403 45.34521657
26.47713997 40.05902792
52.52778726 3.41183902
8.34104018 8.27203494
1.04623302 21.98812942
13.49213621 5.68197402
38.46768364 24.74451381
20.50061817 22.26621042
7.68547274 34.21889175
58.65116288 29.45578655
1.72138121 43.23852314
13.18962465 39.00791309
19.63008145 4.65935444
31.43784644 1.01866822
53.66798439 8.63906472
54.80269512 45.15976626
3.48630133 43.83614751
53.18100556 2.22193230
44.52821278 1.02699617
15.34065949 46.04235166
56.27612611 0.42931955
25.69588852 11.67841406
26.41347490 42.86097604
25.01436512 9.73654674
16.63079837 26.56820840
2.68591559 2.41482001
33.90018698 58.31350267
17.30072589 22.98166952
29.12877561 46.13287692
21.76483315 13.06875662
1.26240891 18.17360166
22.59789810 49.10298540
57.08932335 37.83330821
54.01264244 49.18297638
55.83864267 18.78831177
21.17800144 48.15089109
48.68753866 3.81987576
26.48253312 0.19907529
5.83948700 7.04172623
9.26718180 37.04741052
40.62725072 28.60987149
54.19135467 51.63052756
11.22392629 53.62460289
50.30467127 12.49991833
16.86962747 12.27712144
28.48414247 36.31876676
59.08864349 15.45000409
27.23416761 5.11305480
23.98022183 59.60258209
38.11100394 34.36752793
7.10369636 29.99743530
7.15168476 15.87924003
19.67229667 45.31630008
45.61519029 37.95145132
43.91713714 40.38383711
6.07662939 5.95928241
7.92100594 40.58574995
20.86600147 31.24252309
41.64748491 16.26829124
16.75122358 31.13621960
54.94886872 2.48499941
28.82909161 33.21610597
47.52658455 41.95466939
46.03950190 53.93279738
8.54100752 52.22695131
6.93833216 17.07704618
20.93273038 6.25599672
48.71210520 13.64067052
45.41128520 14.50049218
41.25299841 0.52424229
54.19524473 27.00179761
28.30389025 12.58346406
41.76410602 24.93175199
45.29273308 56.46354720
18.96738006 19.47696984
40.17434831 30.35947380
12.81928069 45.44152573
48.95499763 29.54615804
47.83291701 52.65515867
14.25121451 39.89006848
28.68760561 4.61823621
4.66031210 7.15908816
53.94106239 28.06382963
36.66427134 33.59758904
11.73501698 45.97141416
41.00030677 33.29171545
3.52611560 8.03773844
44.15060128 27.35365286
1.67735689 39.51383547
44.25545472 19.09087338
35.06356796 49.87781790
21.91657651 34.24010198
13.56060495 43.91927156
49.49883092 54.56265399
42.29667747 27.76650292
29.53654675 43.81231207
23.57019597 9.75249316
36.09912639 48.41931211
12.52244004 19.21865155
3.37466387 42.62699823
27.69737356 50.24424992
12.20939149 5.65304773
14.61080751 4.18140059
23.71333206 8.38623659
30.75476042 24.70124656
34.38837416 3.35410447
22.75313123 55.68865290
31.98716564 37.23015224
47.71774628 16.05206687
14.92551646 57.56680183
30.98301909 53.75190297
38.45674475 27.05619894
49.75484278 4.57796910
46.11608465 52.59398213
42.67203941 1.44905825
46.92757881 17.97348112
6.34325718 56.05420622
15.16144510 5.78859598
32.22111581 57.00785540
53.69159577 5.09967288
